1 0.103125 0.11296296296296296 0.04895833333333333 0.11851851851851852
1 0.21510416666666668 0.053703703703703705 0.0671875 0.10833333333333334
1 0.3302083333333333 0.1685185185185185 0.0890625 0.09259259259259259
1 0.4505208333333333 0.18981481481481483 0.057291666666666664 0.07037037037037037
1 0.44114583333333335 0.028703703703703703 0.0546875 0.058333333333333334
1 0.4348958333333333 0.44814814814814813 0.028125 0.17685185185185184
1 0.29635416666666664 0.3287037037037037 0.09583333333333334 0.1037037037037037
1 0.15364583333333334 0.30833333333333335 0.07916666666666666 0.09814814814814815
1 0.8552083333333333 0.1037037037037037 0.065625 0.06111111111111111
0 0.8666666666666667 0.37222222222222223 0.034895833333333334 0.07685185185185185
0 0.9005208333333333 0.5907407407407408 0.03333333333333333 0.05185185185185185
