1 0.8870370370370371 0.103125 0.11944444444444445 0.049479166666666664
1 0.9453703703703704 0.215625 0.10833333333333334 0.06770833333333333
1 0.8314814814814815 0.3307291666666667 0.09351851851851851 0.08958333333333333
1 0.8101851851851852 0.4505208333333333 0.0712962962962963 0.0578125
1 0.9703703703703703 0.44166666666666665 0.058333333333333334 0.05520833333333333
1 0.5518518518518518 0.4348958333333333 0.17777777777777778 0.028645833333333332
1 0.6712962962962963 0.29635416666666664 0.10462962962962963 0.09635416666666667
1 0.6916666666666667 0.15364583333333334 0.09907407407407408 0.0796875
1 0.8962962962962963 0.8552083333333333 0.062037037037037036 0.06614583333333333
0 0.6277777777777778 0.8671875 0.07777777777777778 0.035416666666666666
0 0.40925925925925927 0.9005208333333333 0.05277777777777778 0.033854166666666664
