0 0.29635416666666664 0.47962962962962963 0.042708333333333334 0.10555555555555556
0 0.246875 0.7759259259259259 0.08072916666666667 0.1037037037037037
0 0.3328125 0.675 0.058854166666666666 0.13148148148148148
0 0.5427083333333333 0.3851851851851852 0.059375 0.07777777777777778
0 0.5083333333333333 0.862037037037037 0.08125 0.15185185185185185
0 0.440625 0.9037037037037037 0.05364583333333333 0.16944444444444445
1 0.6411458333333333 0.5925925925925926 0.06197916666666667 0.03981481481481482
1 0.7713541666666667 0.43333333333333335 0.04583333333333333 0.15
1 0.8453125 0.47314814814814815 0.07135416666666666 0.05740740740740741
1 0.6416666666666667 0.7574074074074074 0.04010416666666667 0.06018518518518518
1 0.7697916666666667 0.7203703703703703 0.03333333333333333 0.07777777777777778
1 0.9369791666666667 0.7 0.0390625 0.030555555555555555
1 0.6260416666666667 0.9333333333333333 0.04375 0.10462962962962963
1 0.7552083333333334 0.9314814814814815 0.03854166666666667 0.11481481481481481
1 0.8197916666666667 0.9425925925925925 0.05520833333333333 0.11388888888888889
1 0.8979166666666667 0.9629629629629629 0.026041666666666668 0.07407407407407407
1 0.9729166666666667 0.9398148148148148 0.05416666666666667 0.053703703703703705
