0 0.5203703703703704 0.29635416666666664 0.10648148148148148 0.043229166666666666
0 0.22407407407407406 0.24739583333333334 0.10462962962962963 0.08125
0 0.325 0.3333333333333333 0.13240740740740742 0.059375
0 0.6148148148148148 0.5427083333333333 0.0787037037037037 0.059895833333333336
0 0.13796296296296295 0.5083333333333333 0.1527777777777778 0.08177083333333333
0 0.0962962962962963 0.44114583333333335 0.17037037037037037 0.05416666666666667
1 0.4074074074074074 0.6416666666666667 0.040740740740740744 0.0625
1 0.5666666666666667 0.7713541666666667 0.15092592592592594 0.04635416666666667
1 0.5268518518518519 0.8458333333333333 0.058333333333333334 0.071875
1 0.24259259259259258 0.6421875 0.06111111111111111 0.040625
1 0.2796296296296296 0.7697916666666667 0.0787037037037037 0.033854166666666664
1 0.3 0.9375 0.03148148148148148 0.03958333333333333
1 0.06666666666666667 0.6260416666666667 0.10555555555555556 0.044270833333333336
1 0.06851851851851852 0.7552083333333334 0.11574074074074074 0.0390625
1 0.05740740740740741 0.8197916666666667 0.11388888888888889 0.05572916666666667
1 0.03796296296296296 0.8979166666666667 0.07407407407407407 0.0265625
1 0.06018518518518518 0.9729166666666667 0.05462962962962963 0.05416666666666667
