0 0.45416666666666666 0.19722222222222222 0.08489583333333334 0.1675925925925926
0 0.6005208333333333 0.19722222222222222 0.06875 0.11851851851851852
0 0.7619791666666667 0.2222222222222222 0.07447916666666667 0.12685185185185185
0 0.7614583333333333 0.5 0.08229166666666667 0.16944444444444445
0 0.90625 0.55 0.0578125 0.14444444444444443
0 0.45208333333333334 0.5064814814814815 0.084375 0.1787037037037037
0 0.5619791666666667 0.5888888888888889 0.07552083333333333 0.18055555555555555
0 0.778125 0.7694444444444445 0.08385416666666666 0.14907407407407408
0 0.3927083333333333 0.7305555555555555 0.1046875 0.18333333333333332
0 0.5072916666666667 0.9027777777777778 0.0765625 0.15185185185185185
0 0.5958333333333333 0.9 0.06197916666666667 0.1287037037037037
0 0.38333333333333336 0.9583333333333334 0.071875 0.0787037037037037
