0 0.8027777777777778 0.4546875 0.1685185185185185 0.08541666666666667
0 0.8027777777777778 0.6005208333333333 0.11944444444444445 0.06927083333333334
0 0.7777777777777778 0.7625 0.12777777777777777 0.075
0 0.5 0.7614583333333333 0.17037037037037037 0.0828125
0 0.45 0.9067708333333333 0.14537037037037037 0.058333333333333334
0 0.4935185185185185 0.45208333333333334 0.17962962962962964 0.08489583333333334
0 0.4111111111111111 0.5625 0.1814814814814815 0.07604166666666666
0 0.23055555555555557 0.7786458333333334 0.15 0.084375
0 0.26944444444444443 0.3932291666666667 0.18425925925925926 0.10520833333333333
0 0.09722222222222222 0.5078125 0.1527777777777778 0.07708333333333334
0 0.1 0.5963541666666666 0.12962962962962962 0.0625
0 0.041666666666666664 0.38333333333333336 0.07962962962962963 0.07239583333333334
