1 0.5119791666666667 0.362962962962963 0.043229166666666666 0.13703703703703704
1 0.6697916666666667 0.4361111111111111 0.042708333333333334 0.14444444444444443
1 0.8307291666666666 0.43333333333333335 0.035416666666666666 0.17314814814814813
1 0.9239583333333333 0.5277777777777778 0.06770833333333333 0.10925925925925926
1 0.509375 0.6231481481481481 0.08385416666666666 0.09907407407407408
1 0.5572916666666666 0.8583333333333333 0.03802083333333333 0.12222222222222222
1 0.6130208333333333 0.9638888888888889 0.040625 0.06759259259259259
1 0.8005208333333333 0.8046296296296296 0.078125 0.12129629629629629
1 0.9317708333333333 0.8018518518518518 0.05 0.12962962962962962
1 0.9015625 0.9064814814814814 0.0640625 0.17222222222222222
1 0.9713541666666666 0.9527777777777777 0.025 0.09074074074074075
