1 0.6370370370370371 0.5125 0.13796296296296295 0.04375
1 0.5638888888888889 0.6697916666666667 0.14537037037037037 0.043229166666666666
1 0.5666666666666667 0.8307291666666666 0.17407407407407408 0.0359375
1 0.4722222222222222 0.9239583333333333 0.11018518518518519 0.06822916666666666
1 0.3768518518518518 0.5098958333333333 0.1 0.084375
1 0.14166666666666666 0.5578125 0.12314814814814815 0.03854166666666667
1 0.03611111111111111 0.6130208333333333 0.06851851851851852 0.04114583333333333
1 0.19537037037037036 0.8005208333333333 0.12222222222222222 0.07864583333333333
1 0.19814814814814816 0.9317708333333333 0.13055555555555556 0.050520833333333334
1 0.09351851851851851 0.9020833333333333 0.17314814814814813 0.06458333333333334
1 0.04722222222222222 0.9713541666666666 0.09166666666666666 0.025520833333333333
