0 0.22135416666666666 0.5120370370370371 0.071875 0.12222222222222222
0 0.34010416666666665 0.5 0.07760416666666667 0.11203703703703703
0 0.4609375 0.5083333333333333 0.075 0.11481481481481481
0 0.46510416666666665 0.7212962962962963 0.06041666666666667 0.11018518518518519
0 0.5822916666666667 0.7574074074074074 0.059895833333333336 0.11666666666666667
0 0.2265625 0.7444444444444445 0.08072916666666667 0.12314814814814815
0 0.3098958333333333 0.8101851851851852 0.06666666666666667 0.13148148148148148
0 0.4739583333333333 0.937037037037037 0.07083333333333333 0.11574074074074074
0 0.17291666666666666 0.9185185185185185 0.08854166666666667 0.10925925925925926
0 0.9348958333333334 0.5694444444444444 0.06875 0.11481481481481481
1 0.9447916666666667 0.9481481481481482 0.059895833333333336 0.058333333333333334
