0 0.487962962962963 0.22135416666666666 0.12314814814814815 0.07239583333333334
0 0.5 0.340625 0.11296296296296296 0.078125
0 0.49166666666666664 0.4609375 0.11574074074074074 0.07552083333333333
0 0.27870370370370373 0.46510416666666665 0.1111111111111111 0.0609375
0 0.24259259259259258 0.5828125 0.1175925925925926 0.06041666666666667
0 0.25555555555555554 0.22708333333333333 0.12407407407407407 0.08125
0 0.18981481481481483 0.3098958333333333 0.13240740740740742 0.0671875
0 0.06296296296296296 0.4739583333333333 0.11666666666666667 0.07135416666666666
0 0.08148148148148149 0.17291666666666666 0.11018518518518519 0.0890625
0 0.4305555555555556 0.9348958333333334 0.11574074074074074 0.06927083333333334
1 0.05185185185185185 0.9453125 0.05925925925925926 0.06041666666666667
