0 0.18072916666666666 0.525 0.08177083333333333 0.11574074074074074
0 0.3375 0.5518518518518518 0.07916666666666666 0.10925925925925926
0 0.4244791666666667 0.6601851851851852 0.052083333333333336 0.09814814814814815
0 0.5473958333333333 0.725925925925926 0.05 0.11296296296296296
1 0.21458333333333332 0.8962962962962963 0.07083333333333333 0.10648148148148148
1 0.3229166666666667 0.675 0.05 0.10925925925925926
1 0.37135416666666665 0.8898148148148148 0.0578125 0.0824074074074074
0 0.975 0.3990740740740741 0.0453125 0.11851851851851852
0 0.9854166666666667 0.6592592592592592 0.0265625 0.10833333333333334
0 0.95 0.8435185185185186 0.08802083333333334 0.11574074074074074
