0 0.475 0.18125 0.11666666666666667 0.08229166666666667
0 0.44814814814814813 0.3375 0.11018518518518519 0.0796875
0 0.3398148148148148 0.4244791666666667 0.09907407407407408 0.05260416666666667
0 0.2740740740740741 0.5473958333333333 0.11388888888888889 0.050520833333333334
1 0.1037037037037037 0.21458333333333332 0.10740740740740741 0.07135416666666666
1 0.325 0.3229166666666667 0.11018518518518519 0.050520833333333334
1 0.11018518518518519 0.371875 0.08333333333333333 0.058333333333333334
0 0.600925925925926 0.9755208333333333 0.11944444444444445 0.04583333333333333
0 0.34074074074074073 0.9859375 0.10925925925925926 0.027083333333333334
0 0.15648148148148147 0.9505208333333334 0.11666666666666667 0.08854166666666667
