0 0.6359375 0.46574074074074073 0.0453125 0.08518518518518518
0 0.690625 0.5481481481481482 0.034895833333333334 0.07407407407407407
0 0.778125 0.5685185185185185 0.03333333333333333 0.07222222222222222
0 0.8890625 0.43703703703703706 0.027083333333333334 0.06018518518518518
0 0.8953125 0.6101851851851852 0.020833333333333332 0.049074074074074076
0 0.7239583333333334 0.6759259259259259 0.04895833333333333 0.06944444444444445
0 0.6291666666666667 0.6620370370370371 0.03697916666666667 0.062037037037037036
0 0.6020833333333333 0.7027777777777777 0.035416666666666666 0.06296296296296296
0 0.6223958333333334 0.7925925925925926 0.036458333333333336 0.0712962962962963
0 0.6588541666666666 0.7 0.017708333333333333 0.046296296296296294
0 0.8317708333333333 0.8481481481481481 0.0421875 0.06296296296296296
0 0.7635416666666667 0.9268518518518518 0.026041666666666668 0.03888888888888889
0 0.6270833333333333 0.9768518518518519 0.0390625 0.037037037037037035
