0 0.5342592592592592 0.6364583333333333 0.08611111111111111 0.04583333333333333
0 0.45185185185185184 0.6911458333333333 0.075 0.035416666666666666
0 0.43148148148148147 0.778125 0.07314814814814814 0.033854166666666664
0 0.562962962962963 0.8890625 0.06111111111111111 0.027604166666666666
0 0.38981481481481484 0.8953125 0.05 0.021354166666666667
0 0.32407407407407407 0.7239583333333334 0.07037037037037037 0.049479166666666664
0 0.33796296296296297 0.6296875 0.06296296296296296 0.0375
0 0.2972222222222222 0.6020833333333333 0.06388888888888888 0.0359375
0 0.2074074074074074 0.6223958333333334 0.07222222222222222 0.03697916666666667
0 0.3 0.6588541666666666 0.04722222222222222 0.018229166666666668
0 0.15185185185185185 0.8322916666666667 0.06388888888888888 0.042708333333333334
0 0.07314814814814814 0.7635416666666667 0.03981481481481482 0.0265625
0 0.023148148148148147 0.6276041666666666 0.03796296296296296 0.03958333333333333
