0 0.6703125 0.21296296296296297 0.03125 0.08148148148148149
0 0.6114583333333333 0.3472222222222222 0.025 0.05925925925925926
0 0.240625 0.19722222222222222 0.04583333333333333 0.05555555555555555
0 0.240625 0.37777777777777777 0.040625 0.040740740740740744
0 0.121875 0.34444444444444444 0.042708333333333334 0.05
0 0.05416666666666667 0.44907407407407407 0.04114583333333333 0.06481481481481481
0 0.17083333333333334 0.6166666666666667 0.051041666666666666 0.06111111111111111
0 0.13072916666666667 0.7 0.050520833333333334 0.03981481481481482
0 0.019270833333333334 0.8212962962962963 0.0390625 0.07037037037037037
0 0.5057291666666667 0.7018518518518518 0.01875 0.04814814814814815
