0 0.7870370370370371 0.6703125 0.0824074074074074 0.03177083333333333
0 0.6527777777777778 0.6114583333333333 0.06018518518518518 0.025520833333333333
0 0.8027777777777778 0.240625 0.05648148148148148 0.04635416666666667
0 0.6222222222222222 0.240625 0.041666666666666664 0.04114583333333333
0 0.6555555555555556 0.121875 0.05092592592592592 0.043229166666666666
0 0.5509259259259259 0.0546875 0.06574074074074074 0.041666666666666664
0 0.38333333333333336 0.17083333333333334 0.062037037037037036 0.0515625
0 0.3 0.13125 0.040740740740740744 0.051041666666666666
0 0.1787037037037037 0.019791666666666666 0.0712962962962963 0.03958333333333333
0 0.29814814814814816 0.5057291666666667 0.049074074074074076 0.019270833333333334
