0 0.837890625 0.2662037037037037 0.039713541666666664 0.10300925925925926
0 0.7643229166666666 0.4340277777777778 0.031901041666666664 0.07523148148148148
0 0.30078125 0.2465277777777778 0.057942708333333336 0.07060185185185185
0 0.30078125 0.4722222222222222 0.051432291666666664 0.052083333333333336
0 0.15234375 0.4305555555555556 0.054036458333333336 0.06365740740740741
0 0.068359375 0.5613425925925926 0.052083333333333336 0.08217592592592593
0 0.21354166666666666 0.7708333333333334 0.064453125 0.0775462962962963
0 0.1640625 0.8761574074074074 0.06380208333333333 0.05092592592592592
0 0.024739583333333332 0.9907407407407407 0.049479166666666664 0.017361111111111112
0 0.6321614583333334 0.8773148148148148 0.024088541666666668 0.061342592592592594
