0 0.871875 0.3101851851851852 0.025 0.03981481481481482
0 0.8677083333333333 0.375 0.043229166666666666 0.05740740740740741
0 0.8375 0.4398148148148148 0.041666666666666664 0.07592592592592592
0 0.9213541666666667 0.4064814814814815 0.03229166666666667 0.07777777777777778
0 0.9723958333333333 0.37222222222222223 0.03333333333333333 0.06111111111111111
0 0.9838541666666667 0.43703703703703706 0.03229166666666667 0.058333333333333334
0 0.9010416666666666 0.6981481481481482 0.0390625 0.07962962962962963
0 0.8151041666666666 0.6907407407407408 0.03125 0.046296296296296294
0 0.8510416666666667 0.7490740740740741 0.0484375 0.07407407407407407
0 0.9484375 0.950925925925926 0.06875 0.09444444444444444
0 0.784375 0.8833333333333333 0.044270833333333336 0.05925925925925926
