0 0.6898148148148148 0.871875 0.040740740740740744 0.025520833333333333
0 0.625 0.8682291666666667 0.058333333333333334 0.04375
0 0.5601851851851852 0.8375 0.07685185185185185 0.0421875
0 0.5935185185185186 0.9213541666666667 0.0787037037037037 0.0328125
0 0.6277777777777778 0.9723958333333333 0.062037037037037036 0.033854166666666664
0 0.562962962962963 0.9838541666666667 0.05925925925925926 0.03229166666666667
0 0.30185185185185187 0.9015625 0.08055555555555556 0.03958333333333333
0 0.30925925925925923 0.8151041666666666 0.04722222222222222 0.03177083333333333
0 0.25092592592592594 0.8515625 0.075 0.04895833333333333
0 0.049074074074074076 0.9484375 0.09537037037037037 0.06927083333333334
0 0.11666666666666667 0.7848958333333333 0.06018518518518518 0.04479166666666667
