0 0.3963541666666667 0.42777777777777776 0.04739583333333333 0.08333333333333333
0 0.4395833333333333 0.35648148148148145 0.036458333333333336 0.06759259259259259
0 0.4421875 0.29444444444444445 0.021875 0.03796296296296296
0 0.4869791666666667 0.38796296296296295 0.04479166666666667 0.07962962962962963
0 0.5505208333333333 0.35462962962962963 0.040625 0.062037037037037036
0 0.5671875 0.4212962962962963 0.044270833333333336 0.05925925925925926
0 0.4744791666666667 0.6907407407407408 0.0421875 0.0824074074074074
0 0.3880208333333333 0.6777777777777778 0.036458333333333336 0.05277777777777778
0 0.421875 0.7416666666666667 0.0421875 0.07962962962962963
0 0.6020833333333333 0.5944444444444444 0.016145833333333335 0.04351851851851852
0 0.5328125 0.9564814814814815 0.05364583333333333 0.08611111111111111
0 0.35208333333333336 0.8833333333333333 0.043229166666666666 0.06851851851851852
