0 0.5722222222222222 0.396875 0.08425925925925926 0.04791666666666667
0 0.6435185185185185 0.4395833333333333 0.06851851851851852 0.03697916666666667
0 0.7055555555555556 0.4421875 0.03888888888888889 0.022395833333333334
0 0.612037037037037 0.4869791666666667 0.08055555555555556 0.0453125
0 0.6453703703703704 0.5505208333333333 0.06296296296296296 0.04114583333333333
0 0.5787037037037037 0.5677083333333334 0.06018518518518518 0.04479166666666667
0 0.30925925925925923 0.475 0.08333333333333333 0.042708333333333334
0 0.32222222222222224 0.3880208333333333 0.053703703703703705 0.03697916666666667
0 0.25833333333333336 0.42239583333333336 0.08055555555555556 0.042708333333333334
0 0.40555555555555556 0.6026041666666667 0.044444444444444446 0.016666666666666666
0 0.04351851851851852 0.5333333333333333 0.08611111111111111 0.05416666666666667
0 0.11666666666666667 0.35260416666666666 0.06944444444444445 0.04375
