0 0.49609375 0.5347222222222222 0.059895833333333336 0.10532407407407407
0 0.5494791666666666 0.44675925925925924 0.046223958333333336 0.08564814814814815
0 0.552734375 0.36921296296296297 0.027994791666666668 0.04861111111111111
0 0.6087239583333334 0.4849537037037037 0.056640625 0.10069444444444445
0 0.6881510416666666 0.4444444444444444 0.051432291666666664 0.0787037037037037
0 0.7096354166666666 0.5266203703703703 0.055989583333333336 0.07523148148148148
0 0.59375 0.8645833333333334 0.053385416666666664 0.10416666666666667
0 0.4850260416666667 0.8483796296296297 0.046223958333333336 0.06712962962962964
0 0.5279947916666666 0.9270833333333334 0.053385416666666664 0.10069444444444445
0 0.7532552083333334 0.7442129629629629 0.020833333333333332 0.05555555555555555
