0 0.534375 0.22592592592592592 0.03229166666666667 0.08888888888888889
0 0.571875 0.19814814814814816 0.0671875 0.07037037037037037
0 0.590625 0.2898148148148148 0.0421875 0.08611111111111111
0 0.6557291666666667 0.21666666666666667 0.0359375 0.06944444444444445
0 0.7416666666666667 0.25 0.040625 0.08888888888888889
0 0.8072916666666666 0.24074074074074073 0.03229166666666667 0.06759259259259259
0 0.8598958333333333 0.2962962962962963 0.044270833333333336 0.075
0 0.8078125 0.33796296296296297 0.0421875 0.09907407407407408
0 0.9875 0.3148148148148148 0.023958333333333335 0.09444444444444444
0 0.9213541666666667 0.9388888888888889 0.035416666666666666 0.06851851851851852
0 0.9802083333333333 0.9842592592592593 0.03958333333333333 0.03148148148148148
0 0.6307291666666667 0.962037037037037 0.050520833333333334 0.07407407407407407
0 0.5244791666666667 0.9592592592592593 0.05572916666666667 0.07592592592592592
0 0.5791666666666667 0.975 0.03958333333333333 0.04814814814814815
0 0.1296875 0.2101851851851852 0.0453125 0.08148148148148149
