0 0.774074074074074 0.534375 0.08981481481481482 0.0328125
0 0.8018518518518518 0.5723958333333333 0.0712962962962963 0.06770833333333333
0 0.7101851851851851 0.5911458333333334 0.08703703703703704 0.042708333333333334
0 0.7833333333333333 0.65625 0.07037037037037037 0.036458333333333336
0 0.75 0.7416666666666667 0.08981481481481482 0.04114583333333333
0 0.7592592592592593 0.8072916666666666 0.06851851851851852 0.0328125
0 0.7037037037037037 0.8604166666666667 0.07592592592592592 0.04479166666666667
0 0.6620370370370371 0.8083333333333333 0.1 0.042708333333333334
0 0.6851851851851852 0.9875 0.09537037037037037 0.024479166666666666
0 0.06111111111111111 0.9213541666666667 0.06944444444444445 0.0359375
0 0.016666666666666666 0.9802083333333333 0.03148148148148148 0.03958333333333333
0 0.03796296296296296 0.63125 0.075 0.051041666666666666
0 0.040740740740740744 0.525 0.07685185185185185 0.05625
0 0.025 0.5791666666666667 0.049074074074074076 0.04010416666666667
0 0.7898148148148149 0.13020833333333334 0.0824074074074074 0.04583333333333333
