0 0.7 0.16666666666666666 0.078125 0.14074074074074075
0 0.8328125 0.06666666666666667 0.0671875 0.11944444444444445
0 0.8333333333333334 0.3527777777777778 0.08333333333333333 0.15
0 0.5776041666666667 0.16666666666666666 0.0609375 0.09351851851851851
0 0.3984375 0.022222222222222223 0.12395833333333334 0.04537037037037037
1 0.4036458333333333 0.27870370370370373 0.08541666666666667 0.11203703703703703
1 0.5098958333333333 0.33425925925925926 0.0640625 0.07962962962962963
1 0.6645833333333333 0.2972222222222222 0.030729166666666665 0.15925925925925927
1 0.5401041666666667 0.675 0.059375 0.12129629629629629
1 0.4421875 0.5574074074074075 0.0484375 0.11203703703703703
1 0.37447916666666664 0.6055555555555555 0.049479166666666664 0.08055555555555556
1 0.3489583333333333 0.8268518518518518 0.11510416666666666 0.16296296296296298
1 0.46979166666666666 0.9037037037037037 0.0453125 0.08148148148148149
1 0.7119791666666667 0.875 0.04010416666666667 0.13148148148148148
1 0.8432291666666667 0.8555555555555555 0.0484375 0.15
1 0.8723958333333334 0.7101851851851851 0.0921875 0.08055555555555556
1 0.6526041666666667 0.6722222222222223 0.042708333333333334 0.1037037037037037
