0 0.8333333333333334 0.7 0.14166666666666666 0.07864583333333333
0 0.9333333333333333 0.8333333333333334 0.12037037037037036 0.06770833333333333
0 0.6472222222222223 0.8333333333333334 0.15092592592592594 0.08385416666666666
0 0.8333333333333334 0.578125 0.09444444444444444 0.06145833333333333
0 0.9768518518518519 0.3984375 0.04537037037037037 0.12447916666666667
1 0.7212962962962963 0.4036458333333333 0.11296296296296296 0.0859375
1 0.6657407407407407 0.5104166666666666 0.08055555555555556 0.06458333333333334
1 0.7027777777777777 0.6651041666666667 0.16018518518518518 0.03125
1 0.325 0.5401041666666667 0.12222222222222222 0.059895833333333336
1 0.4425925925925926 0.4427083333333333 0.11296296296296296 0.04895833333333333
1 0.39444444444444443 0.375 0.08148148148148149 0.05
1 0.17314814814814813 0.3494791666666667 0.1638888888888889 0.115625
1 0.0962962962962963 0.4703125 0.0824074074074074 0.04583333333333333
1 0.125 0.7125 0.13240740740740742 0.040625
1 0.14444444444444443 0.84375 0.15092592592592594 0.04895833333333333
1 0.2898148148148148 0.8729166666666667 0.08148148148148149 0.09270833333333334
1 0.3277777777777778 0.6526041666666667 0.10462962962962963 0.043229166666666666
