0 0.875 0.20833333333333334 0.09830729166666667 0.17708333333333334
0 0.9993489583333334 0.08449074074074074 0.0006510416666666666 0.15046296296296297
0 0.9947916666666666 0.4409722222222222 0.010416666666666666 0.1886574074074074
0 0.72265625 0.20949074074074073 0.07682291666666667 0.11805555555555555
0 0.498046875 0.028935185185185185 0.15559895833333334 0.05787037037037037
1 0.5045572916666666 0.34953703703703703 0.107421875 0.1412037037037037
1 0.6380208333333334 0.41782407407407407 0.08072916666666667 0.10069444444444445
1 0.8313802083333334 0.3715277777777778 0.0390625 0.20023148148148148
1 0.6751302083333334 0.8449074074074074 0.07486979166666667 0.1527777777777778
1 0.5533854166666666 0.6979166666666666 0.061197916666666664 0.1412037037037037
1 0.46875 0.7581018518518519 0.0625 0.10185185185185185
1 0.4368489583333333 0.9652777777777778 0.14453125 0.06828703703703703
1 0.8157552083333334 0.8402777777777778 0.054036458333333336 0.13078703703703703
