0 0.2786458333333333 0.23796296296296296 0.0453125 0.12314814814814815
0 0.28958333333333336 0.07685185185185185 0.06354166666666666 0.09166666666666666
0 0.46770833333333334 0.6324074074074074 0.0390625 0.08796296296296297
0 0.5182291666666666 0.7648148148148148 0.06302083333333333 0.10740740740740741
0 0.30364583333333334 0.7398148148148148 0.06354166666666666 0.10092592592592593
0 0.5104166666666666 0.9481481481481482 0.041666666666666664 0.09907407407407408
0 0.10416666666666667 0.962037037037037 0.07239583333333334 0.07407407407407407
0 0.89375 0.7648148148148148 0.058333333333333334 0.08611111111111111
0 0.9776041666666667 0.9138888888888889 0.043229166666666666 0.11666666666666667
0 0.8932291666666666 0.9666666666666667 0.050520833333333334 0.06481481481481481
1 0.5317708333333333 0.1527777777777778 0.053125 0.05740740740740741
1 0.371875 0.34074074074074073 0.05625 0.10185185185185185
1 0.47708333333333336 0.43796296296296294 0.0734375 0.09351851851851851
1 0.36041666666666666 0.5416666666666666 0.0640625 0.06851851851851852
1 0.19895833333333332 0.55 0.07708333333333334 0.07777777777777778
1 0.8958333333333334 0.4009259259259259 0.0421875 0.11574074074074074
1 0.8942708333333333 0.09444444444444444 0.033854166666666664 0.11296296296296296
1 0.9385416666666667 0.1935185185185185 0.041666666666666664 0.1
1 0.9755208333333333 0.4 0.029166666666666667 0.1037037037037037
1 0.875 0.49722222222222223 0.07395833333333333 0.05925925925925926
