0 0.7620370370370371 0.2791666666666667 0.12407407407407407 0.04583333333333333
0 0.9231481481481482 0.28958333333333336 0.09259259259259259 0.0640625
0 0.3675925925925926 0.46822916666666664 0.08888888888888889 0.03958333333333333
0 0.2351851851851852 0.51875 0.10833333333333334 0.06354166666666666
0 0.2601851851851852 0.30364583333333334 0.10185185185185185 0.0640625
0 0.05185185185185185 0.5104166666666666 0.1 0.0421875
0 0.03796296296296296 0.1046875 0.075 0.07291666666666667
0 0.2351851851851852 0.89375 0.08703703703703704 0.058854166666666666
0 0.08611111111111111 0.978125 0.1175925925925926 0.04375
0 0.03333333333333333 0.89375 0.06574074074074074 0.051041666666666666
1 0.8472222222222222 0.5317708333333333 0.058333333333333334 0.05364583333333333
1 0.6592592592592592 0.371875 0.10277777777777777 0.05677083333333333
1 0.562037037037037 0.47760416666666666 0.09444444444444444 0.07395833333333333
1 0.4583333333333333 0.3609375 0.06944444444444445 0.06458333333333334
1 0.45 0.19895833333333332 0.0787037037037037 0.07760416666666667
1 0.5990740740740741 0.8963541666666667 0.11666666666666667 0.042708333333333334
1 0.9055555555555556 0.8947916666666667 0.11388888888888889 0.034375
1 0.8064814814814815 0.9385416666666667 0.10092592592592593 0.0421875
1 0.6 0.9755208333333333 0.10462962962962963 0.0296875
1 0.5027777777777778 0.875 0.06018518518518518 0.07447916666666667
