0 0.3489583333333333 0.2986111111111111 0.057291666666666664 0.1550925925925926
0 0.3619791666666667 0.09722222222222222 0.080078125 0.11574074074074074
0 0.5852864583333334 0.7916666666666666 0.049479166666666664 0.1111111111111111
0 0.6484375 0.9444444444444444 0.07942708333333333 0.1111111111111111
0 0.3795572916666667 0.9259259259259259 0.080078125 0.12731481481481483
1 0.6647135416666666 0.1909722222222222 0.06705729166666667 0.07291666666666667
1 0.46484375 0.42592592592592593 0.07096354166666667 0.1284722222222222
1 0.5970052083333334 0.5486111111111112 0.09244791666666667 0.11805555555555555
1 0.451171875 0.6770833333333334 0.08072916666666667 0.08680555555555555
1 0.24869791666666666 0.6875 0.09700520833333333 0.09837962962962964
