0 0.1890625 0.13148148148148148 0.11354166666666667 0.09259259259259259
0 0.2765625 0.05185185185185185 0.06770833333333333 0.1037037037037037
0 0.34791666666666665 0.058333333333333334 0.05677083333333333 0.1175925925925926
0 0.525 0.15555555555555556 0.058854166666666666 0.1287037037037037
0 0.4244791666666667 0.23703703703703705 0.06458333333333334 0.11574074074074074
0 0.3260416666666667 0.25 0.058854166666666666 0.0962962962962963
0 0.5239583333333333 0.4064814814814815 0.08802083333333334 0.12129629629629629
0 0.9385416666666667 0.15925925925925927 0.05677083333333333 0.12962962962962962
0 0.9348958333333334 0.36574074074074076 0.0765625 0.13425925925925927
0 0.9828125 0.524074074074074 0.0328125 0.09351851851851851
1 0.17760416666666667 0.35 0.06510416666666667 0.09907407407407408
1 0.26614583333333336 0.3814814814814815 0.06145833333333333 0.062037037037037036
1 0.3890625 0.3527777777777778 0.03697916666666667 0.11296296296296296
1 0.2140625 0.5546296296296296 0.049479166666666664 0.07407407407407407
1 0.16614583333333333 0.5972222222222222 0.03854166666666667 0.0787037037037037
1 0.2989583333333333 0.6472222222222223 0.059375 0.075
1 0.384375 0.637962962962963 0.029166666666666667 0.08518518518518518
1 0.5416666666666666 0.6638888888888889 0.078125 0.05740740740740741
1 0.5119791666666667 0.7722222222222223 0.0484375 0.09259259259259259
1 0.42291666666666666 0.787962962962963 0.0359375 0.0962962962962963
1 0.15416666666666667 0.7555555555555555 0.0984375 0.11018518518518519
1 0.23489583333333333 0.8111111111111111 0.06770833333333333 0.06388888888888888
1 0.18020833333333333 0.9101851851851852 0.0546875 0.05185185185185185
1 0.33645833333333336 0.9638888888888889 0.058333333333333334 0.05462962962962963
1 0.9744791666666667 0.7092592592592593 0.051041666666666666 0.13240740740740742
