0 0.8685185185185185 0.1890625 0.09351851851851851 0.1140625
0 0.9481481481481482 0.2765625 0.1037037037037037 0.06822916666666666
0 0.9407407407407408 0.3484375 0.1175925925925926 0.057291666666666664
0 0.8444444444444444 0.5255208333333333 0.12962962962962962 0.059375
0 0.762962962962963 0.4244791666666667 0.11666666666666667 0.06510416666666667
0 0.75 0.3265625 0.09722222222222222 0.059375
0 0.5935185185185186 0.5244791666666667 0.12222222222222222 0.08854166666666667
0 0.8407407407407408 0.9390625 0.13055555555555556 0.057291666666666664
0 0.6342592592592593 0.9354166666666667 0.13518518518518519 0.07708333333333334
0 0.4759259259259259 0.9833333333333333 0.09444444444444444 0.03333333333333333
1 0.65 0.178125 0.1 0.065625
1 0.6185185185185185 0.26614583333333336 0.06296296296296296 0.06197916666666667
1 0.6472222222222223 0.38958333333333334 0.11388888888888889 0.0375
1 0.44537037037037036 0.21458333333333332 0.075 0.05
1 0.4027777777777778 0.16614583333333333 0.07962962962962963 0.0390625
1 0.3527777777777778 0.2989583333333333 0.07592592592592592 0.059895833333333336
1 0.36203703703703705 0.384375 0.08611111111111111 0.0296875
1 0.33611111111111114 0.5416666666666666 0.058333333333333334 0.07864583333333333
1 0.22777777777777777 0.5125 0.09351851851851851 0.04895833333333333
1 0.21203703703703702 0.4234375 0.09722222222222222 0.036458333333333336
1 0.24444444444444444 0.1546875 0.1111111111111111 0.09895833333333333
1 0.18888888888888888 0.23489583333333333 0.06481481481481481 0.06822916666666666
1 0.08981481481481482 0.18072916666666666 0.05277777777777778 0.05520833333333333
1 0.03611111111111111 0.33645833333333336 0.05555555555555555 0.058854166666666666
1 0.29074074074074074 0.9744791666666667 0.13333333333333333 0.051041666666666666
