0 0.236328125 0.16435185185185186 0.142578125 0.11689814814814815
0 0.345703125 0.06481481481481481 0.08528645833333333 0.13078703703703703
0 0.435546875 0.07407407407407407 0.07161458333333333 0.14814814814814814
0 0.6569010416666666 0.19560185185185186 0.07421875 0.16203703703703703
0 0.5305989583333334 0.2974537037037037 0.08138020833333333 0.14583333333333334
0 0.408203125 0.3125 0.07421875 0.12152777777777778
0 0.6555989583333334 0.5092592592592593 0.11067708333333333 0.1527777777777778
1 0.22265625 0.4386574074074074 0.08203125 0.125
1 0.3326822916666667 0.47800925925925924 0.07747395833333333 0.0787037037037037
1 0.4869791666666667 0.4409722222222222 0.046875 0.1423611111111111
1 0.2682291666666667 0.6932870370370371 0.0625 0.09375
1 0.20768229166666666 0.7476851851851852 0.048828125 0.09953703703703703
1 0.3736979166666667 0.8101851851851852 0.07486979166666667 0.09490740740740741
1 0.48046875 0.7974537037037037 0.037109375 0.1076388888888889
1 0.6770833333333334 0.8298611111111112 0.09830729166666667 0.07291666666666667
1 0.640625 0.9537037037037037 0.061197916666666664 0.09259259259259259
1 0.529296875 0.9618055555555556 0.045572916666666664 0.07523148148148148
1 0.193359375 0.9375 0.12369791666666667 0.12384259259259259
1 0.2936197916666667 0.9872685185185185 0.08528645833333333 0.02546296296296296
