1 0.26510416666666664 0.27870370370370373 0.07552083333333333 0.07314814814814814
1 0.3234375 0.125 0.0375 0.11851851851851852
1 0.4609375 0.1175925925925926 0.059375 0.07777777777777778
1 0.5192708333333333 0.15925925925925927 0.0421875 0.08981481481481482
1 0.5651041666666666 0.05925925925925926 0.05260416666666667 0.05185185185185185
1 0.6625 0.04722222222222222 0.0375 0.09537037037037037
1 0.8625 0.04814814814814815 0.059375 0.07592592592592592
1 0.8921875 0.13148148148148148 0.0359375 0.06944444444444445
1 0.7213541666666666 0.18425925925925926 0.03697916666666667 0.07962962962962963
1 0.834375 0.2898148148148148 0.04479166666666667 0.07407407407407407
1 0.8447916666666667 0.4564814814814815 0.0515625 0.06018518518518518
1 0.7505208333333333 0.5407407407407407 0.052083333333333336 0.07037037037037037
1 0.7401041666666667 0.725925925925926 0.08333333333333333 0.08888888888888889
1 0.5723958333333333 0.6462962962962963 0.051041666666666666 0.08055555555555556
1 0.6276041666666666 0.3787037037037037 0.033854166666666664 0.05277777777777778
1 0.47708333333333336 0.3398148148148148 0.05260416666666667 0.0962962962962963
1 0.27291666666666664 0.5592592592592592 0.07239583333333334 0.07037037037037037
1 0.22708333333333333 0.8231481481481482 0.0734375 0.05
1 0.3765625 0.825925925925926 0.0375 0.12685185185185185
1 0.496875 0.7453703703703703 0.0625 0.05462962962962963
1 0.8286458333333333 0.7796296296296297 0.0375 0.10925925925925926
0 0.9859375 0.7324074074074074 0.027604166666666666 0.13148148148148148
