1 0.7212962962962963 0.265625 0.07407407407407407 0.07604166666666666
1 0.875 0.3234375 0.11944444444444445 0.03802083333333333
1 0.8824074074074074 0.4609375 0.0787037037037037 0.059895833333333336
1 0.8407407407407408 0.5197916666666667 0.09074074074074075 0.042708333333333334
1 0.9407407407407408 0.565625 0.05277777777777778 0.053125
1 0.9518518518518518 0.6625 0.09537037037037037 0.03802083333333333
1 0.9518518518518518 0.8625 0.07685185185185185 0.059895833333333336
1 0.8685185185185185 0.8927083333333333 0.07037037037037037 0.036458333333333336
1 0.8157407407407408 0.721875 0.08055555555555556 0.0375
1 0.7101851851851851 0.834375 0.075 0.0453125
1 0.5435185185185185 0.8453125 0.06111111111111111 0.052083333333333336
1 0.45925925925925926 0.7505208333333333 0.0712962962962963 0.05260416666666667
1 0.2740740740740741 0.7401041666666667 0.08981481481481482 0.08385416666666666
1 0.3537037037037037 0.5723958333333333 0.08148148148148149 0.0515625
1 0.6212962962962963 0.628125 0.053703703703703705 0.034375
1 0.6601851851851852 0.47760416666666666 0.09722222222222222 0.053125
1 0.44074074074074077 0.2734375 0.0712962962962963 0.07291666666666667
1 0.17685185185185184 0.22760416666666666 0.05092592592592592 0.07395833333333333
1 0.17407407407407408 0.3765625 0.12777777777777777 0.03802083333333333
1 0.25462962962962965 0.496875 0.05555555555555555 0.06302083333333333
1 0.22037037037037038 0.8286458333333333 0.11018518518518519 0.03802083333333333
0 0.2675925925925926 0.9859375 0.13240740740740742 0.027604166666666666
