1 0.33203125 0.34953703703703703 0.09505208333333333 0.09259259259259259
1 0.404296875 0.15625 0.047526041666666664 0.14930555555555555
1 0.576171875 0.14699074074074073 0.07486979166666667 0.09837962962962964
1 0.6497395833333334 0.20023148148148148 0.053385416666666664 0.11342592592592593
1 0.70703125 0.07407407407407407 0.06640625 0.06597222222222222
1 0.828125 0.06018518518518518 0.047526041666666664 0.12037037037037036
1 0.90234375 0.23032407407407407 0.046875 0.10069444444444445
1 0.9381510416666666 0.6759259259259259 0.06575520833333333 0.08912037037037036
1 0.9251302083333334 0.9074074074074074 0.10481770833333333 0.11226851851851852
1 0.7154947916666666 0.8090277777777778 0.064453125 0.10185185185185185
1 0.78515625 0.47453703703703703 0.04296875 0.06712962962962964
1 0.5970052083333334 0.42476851851851855 0.06640625 0.12152777777777778
1 0.341796875 0.6990740740740741 0.09114583333333333 0.08912037037037036
1 0.2845052083333333 0.9988425925925926 0.09244791666666667 0.0023148148148148147
1 0.470703125 0.9768518518518519 0.047526041666666664 0.046296296296296294
1 0.62109375 0.9328703703703703 0.07877604166666667 0.06944444444444445
