0 0.6072916666666667 0.08611111111111111 0.0765625 0.11296296296296296
0 0.20572916666666666 0.16574074074074074 0.05520833333333333 0.13148148148148148
0 0.1859375 0.36666666666666664 0.09583333333333334 0.14537037037037037
0 0.41354166666666664 0.3490740740740741 0.059375 0.09259259259259259
0 0.26510416666666664 0.5259259259259259 0.040625 0.08703703703703704
1 0.3536458333333333 0.5796296296296296 0.071875 0.0824074074074074
1 0.50625 0.575 0.03854166666666667 0.09074074074074075
1 0.32708333333333334 0.8583333333333333 0.05416666666666667 0.0962962962962963
1 0.2109375 0.7398148148148148 0.027083333333333334 0.09351851851851851
1 0.9416666666666667 0.30648148148148147 0.06875 0.09907407407407408
1 0.9197916666666667 0.5527777777777778 0.0421875 0.07222222222222222
1 0.9651041666666667 0.5546296296296296 0.0328125 0.08148148148148149
1 0.9005208333333333 0.7027777777777777 0.0390625 0.0962962962962963
1 0.9635416666666666 0.7592592592592593 0.04895833333333333 0.05462962962962963
1 0.8911458333333333 0.8527777777777777 0.052083333333333336 0.053703703703703705
1 0.9020833333333333 0.9842592592592593 0.01875 0.03148148148148148
0 0.9411458333333333 0.08888888888888889 0.05364583333333333 0.08703703703703704
0 0.4453125 0.9518518518518518 0.0578125 0.0962962962962963
