0 0.9138888888888889 0.6078125 0.11388888888888889 0.07708333333333334
0 0.8342592592592593 0.20572916666666666 0.13240740740740742 0.05572916666666667
0 0.6333333333333333 0.1859375 0.14629629629629629 0.09635416666666667
0 0.6509259259259259 0.41354166666666664 0.09351851851851851 0.059895833333333336
0 0.4740740740740741 0.26510416666666664 0.08796296296296297 0.04114583333333333
1 0.4203703703703704 0.3536458333333333 0.08333333333333333 0.07239583333333334
1 0.425 0.50625 0.09166666666666666 0.0390625
1 0.14166666666666666 0.32708333333333334 0.09722222222222222 0.0546875
1 0.2601851851851852 0.2109375 0.09444444444444444 0.027604166666666666
1 0.6935185185185185 0.9416666666666667 0.1 0.06927083333333334
1 0.44722222222222224 0.9203125 0.07314814814814814 0.042708333333333334
1 0.44537037037037036 0.965625 0.0824074074074074 0.03333333333333333
1 0.2972222222222222 0.9010416666666666 0.09722222222222222 0.03958333333333333
1 0.24074074074074073 0.9635416666666666 0.05555555555555555 0.049479166666666664
1 0.14722222222222223 0.8911458333333333 0.05462962962962963 0.05260416666666667
1 0.016666666666666666 0.9020833333333333 0.03148148148148148 0.019270833333333334
0 0.9111111111111111 0.9416666666666667 0.08796296296296297 0.05416666666666667
0 0.049074074074074076 0.44583333333333336 0.0962962962962963 0.058333333333333334
