0 0.6015625 0.25833333333333336 0.0671875 0.10185185185185185
0 0.24635416666666668 0.34074074074074073 0.06822916666666666 0.10925925925925926
0 0.2234375 0.5018518518518519 0.0859375 0.12685185185185185
0 0.4359375 0.4824074074074074 0.057291666666666664 0.09814814814814815
0 0.2942708333333333 0.65 0.03854166666666667 0.09166666666666666
0 0.89375 0.16018518518518518 0.071875 0.1259259259259259
0 0.9703125 0.0962962962962963 0.059375 0.11574074074074074
0 0.9822916666666667 0.3351851851851852 0.034375 0.10925925925925926
0 0.9333333333333333 0.325 0.06145833333333333 0.10740740740740741
0 0.9880208333333333 0.4842592592592593 0.022916666666666665 0.08055555555555556
1 0.26510416666666664 0.10925925925925926 0.0703125 0.09351851851851851
1 0.24010416666666667 0.8351851851851851 0.028645833333333332 0.07777777777777778
1 0.37604166666666666 0.6759259259259259 0.06145833333333333 0.06851851851851852
1 0.5135416666666667 0.6722222222222223 0.03229166666666667 0.10833333333333334
1 0.33229166666666665 0.9064814814814814 0.052083333333333336 0.12685185185185185
1 0.8911458333333333 0.5148148148148148 0.052083333333333336 0.08703703703703704
1 0.9713541666666666 0.562037037037037 0.034895833333333334 0.062037037037037036
1 0.8807291666666667 0.7425925925925926 0.0390625 0.04814814814814815
1 0.9796875 0.7944444444444444 0.03802083333333333 0.07777777777777778
1 0.8625 0.8796296296296297 0.0375 0.07592592592592592
1 0.921875 0.9472222222222222 0.044270833333333336 0.05
