0 0.7416666666666667 0.6020833333333333 0.10277777777777777 0.06770833333333333
0 0.6592592592592592 0.246875 0.11018518518518519 0.06875
0 0.4981481481481482 0.22395833333333334 0.12777777777777777 0.08645833333333333
0 0.5175925925925926 0.4359375 0.09907407407407408 0.0578125
0 0.35 0.2942708333333333 0.09259259259259259 0.0390625
0 0.8398148148148148 0.89375 0.12685185185185185 0.07239583333333334
0 0.9037037037037037 0.9703125 0.11666666666666667 0.059375
0 0.6648148148148149 0.9822916666666667 0.11018518518518519 0.034895833333333334
0 0.675 0.9333333333333333 0.10833333333333334 0.06197916666666667
0 0.5157407407407407 0.9880208333333333 0.08148148148148149 0.0234375
1 0.8907407407407407 0.265625 0.09444444444444444 0.07083333333333333
1 0.1648148148148148 0.240625 0.0787037037037037 0.029166666666666667
1 0.32407407407407407 0.37604166666666666 0.06944444444444445 0.06197916666666667
1 0.3277777777777778 0.5135416666666667 0.10925925925925926 0.0328125
1 0.09351851851851851 0.33229166666666665 0.12777777777777777 0.05260416666666667
1 0.48518518518518516 0.8911458333333333 0.08796296296296297 0.05260416666666667
1 0.43796296296296294 0.971875 0.06296296296296296 0.035416666666666666
1 0.2574074074074074 0.88125 0.049074074074074076 0.03958333333333333
1 0.20555555555555555 0.9802083333333333 0.0787037037037037 0.03854166666666667
1 0.12037037037037036 0.8625 0.07685185185185185 0.03802083333333333
1 0.05277777777777778 0.9223958333333333 0.05092592592592592 0.04479166666666667
