1 0.41354166666666664 0.34074074074074073 0.1109375 0.08703703703703704
1 0.45260416666666664 0.1814814814814815 0.050520833333333334 0.19166666666666668
1 0.590625 0.21388888888888888 0.09739583333333333 0.08425925925925926
1 0.70625 0.15185185185185185 0.08333333333333333 0.08796296296296297
1 0.6854166666666667 0.262037037037037 0.0640625 0.15092592592592594
1 0.8302083333333333 0.14166666666666666 0.04114583333333333 0.11203703703703703
1 0.91875 0.11944444444444445 0.08333333333333333 0.1388888888888889
1 0.9791666666666666 0.42592592592592593 0.04114583333333333 0.13240740740740742
1 0.9734375 0.8722222222222222 0.053125 0.1962962962962963
1 0.8786458333333333 0.8175925925925925 0.11041666666666666 0.06296296296296296
1 0.8916666666666667 0.6648148148148149 0.07916666666666666 0.09537037037037037
1 0.7510416666666667 0.5046296296296297 0.059375 0.05740740740740741
1 0.6234375 0.4537037037037037 0.04635416666666667 0.15555555555555556
1 0.3927083333333333 0.6435185185185185 0.09791666666666667 0.11574074074074074
1 0.35833333333333334 0.8953703703703704 0.10729166666666666 0.06481481481481481
1 0.6333333333333333 0.8537037037037037 0.058854166666666666 0.125
