1 0.6592592592592592 0.4140625 0.08796296296296297 0.11145833333333334
1 0.8185185185185185 0.453125 0.1925925925925926 0.051041666666666666
1 0.7861111111111111 0.5911458333333334 0.08518518518518518 0.09791666666666667
1 0.8481481481481481 0.70625 0.08888888888888889 0.08385416666666666
1 0.7379629629629629 0.6859375 0.15185185185185185 0.06458333333333334
1 0.8583333333333333 0.8307291666666666 0.11296296296296296 0.041666666666666664
1 0.8805555555555555 0.91875 0.1398148148148148 0.08385416666666666
1 0.5740740740740741 0.9791666666666666 0.13333333333333333 0.04114583333333333
1 0.12777777777777777 0.9734375 0.19722222222222222 0.053125
1 0.1824074074074074 0.8786458333333333 0.06388888888888888 0.1109375
1 0.3351851851851852 0.8916666666666667 0.0962962962962963 0.0796875
1 0.49537037037037035 0.7510416666666667 0.058333333333333334 0.059895833333333336
1 0.5462962962962963 0.6239583333333333 0.15648148148148147 0.046875
1 0.35648148148148145 0.3927083333333333 0.11666666666666667 0.0984375
1 0.10462962962962963 0.35833333333333334 0.06574074074074074 0.1078125
1 0.14629629629629629 0.6338541666666667 0.1259259259259259 0.059375
