1 0.26614583333333336 0.17777777777777778 0.084375 0.08518518518518518
1 0.19947916666666668 0.36018518518518516 0.10729166666666666 0.11574074074074074
1 0.153125 0.6287037037037037 0.11041666666666666 0.12685185185185185
1 0.36354166666666665 0.5777777777777777 0.13541666666666666 0.10925925925925926
1 0.4546875 0.3055555555555556 0.08697916666666666 0.11574074074074074
1 0.5729166666666666 0.14722222222222223 0.05520833333333333 0.1398148148148148
1 0.5713541666666667 0.45 0.11666666666666667 0.07962962962962963
1 0.5598958333333334 0.6157407407407407 0.05364583333333333 0.14444444444444443
1 0.6833333333333333 0.6435185185185185 0.042708333333333334 0.15462962962962962
1 0.7526041666666666 0.46296296296296297 0.0390625 0.1037037037037037
1 0.7432291666666667 0.23148148148148148 0.05677083333333333 0.10648148148148148
1 0.8630208333333333 0.22592592592592592 0.058333333333333334 0.09351851851851851
1 0.8197916666666667 0.6342592592592593 0.021875 0.1388888888888889
1 0.9807291666666667 0.5703703703703704 0.03802083333333333 0.15648148148148147
