1 0.8222222222222222 0.26614583333333336 0.08611111111111111 0.08489583333333334
1 0.6398148148148148 0.19947916666666668 0.11666666666666667 0.1078125
1 0.3712962962962963 0.153125 0.12777777777777777 0.1109375
1 0.4222222222222222 0.36354166666666665 0.11018518518518519 0.1359375
1 0.6944444444444444 0.4552083333333333 0.11666666666666667 0.0875
1 0.8527777777777777 0.5729166666666666 0.14074074074074075 0.05572916666666667
1 0.55 0.5713541666666667 0.08055555555555556 0.1171875
1 0.38425925925925924 0.5604166666666667 0.14537037037037037 0.05416666666666667
1 0.35648148148148145 0.6833333333333333 0.15555555555555556 0.043229166666666666
1 0.5370370370370371 0.753125 0.10462962962962963 0.03958333333333333
1 0.7685185185185185 0.74375 0.10740740740740741 0.057291666666666664
1 0.774074074074074 0.8630208333333333 0.09444444444444444 0.058854166666666666
1 0.36574074074074076 0.8197916666666667 0.1398148148148148 0.022395833333333334
1 0.42962962962962964 0.9807291666666667 0.1574074074074074 0.03802083333333333
