1 0.3326822916666667 0.2222222222222222 0.10611979166666667 0.1076388888888889
1 0.24934895833333334 0.4513888888888889 0.134765625 0.14583333333333334
1 0.19140625 0.7870370370370371 0.138671875 0.1597222222222222
1 0.4544270833333333 0.7222222222222222 0.169921875 0.13773148148148148
1 0.5690104166666666 0.38310185185185186 0.109375 0.14583333333333334
1 0.7161458333333334 0.18518518518518517 0.06966145833333333 0.17592592592592593
1 0.7141927083333334 0.5625 0.146484375 0.10069444444444445
1 0.7005208333333334 0.7696759259259259 0.06770833333333333 0.18171296296296297
1 0.8541666666666666 0.8055555555555556 0.054036458333333336 0.19444444444444445
1 0.94140625 0.5787037037037037 0.049479166666666664 0.13078703703703703
1 0.9296875 0.29050925925925924 0.07161458333333333 0.13425925925925927
