1 0.3921875 0.037037037037037035 0.084375 0.05740740740740741
1 0.38333333333333336 0.2388888888888889 0.03229166666666667 0.13333333333333333
1 0.41770833333333335 0.44351851851851853 0.04583333333333333 0.14814814814814814
1 0.4625 0.33425925925925926 0.075 0.18425925925925926
1 0.6015625 0.10092592592592593 0.04635416666666667 0.09074074074074075
1 0.7697916666666667 0.20833333333333334 0.05 0.10925925925925926
1 0.834375 0.3472222222222222 0.04739583333333333 0.13796296296296295
1 0.8895833333333333 0.5944444444444444 0.09010416666666667 0.075
1 0.5661458333333333 0.4361111111111111 0.0734375 0.10092592592592593
1 0.42552083333333335 0.7388888888888889 0.0796875 0.08981481481481482
1 0.5348958333333333 0.8703703703703703 0.040625 0.1388888888888889
1 0.7078125 0.8462962962962963 0.0359375 0.1675925925925926
1 0.8885416666666667 0.8972222222222223 0.035416666666666666 0.15092592592592594
