1 0.9629629629629629 0.3921875 0.058333333333333334 0.08489583333333334
1 0.7611111111111111 0.38333333333333336 0.13425925925925927 0.0328125
1 0.5564814814814815 0.41770833333333335 0.14907407407407408 0.04635416666666667
1 0.6657407407407407 0.4625 0.18518518518518517 0.07552083333333333
1 0.899074074074074 0.6020833333333333 0.09166666666666666 0.046875
1 0.7916666666666666 0.7697916666666667 0.11018518518518519 0.050520833333333334
1 0.6527777777777778 0.8348958333333333 0.1388888888888889 0.04791666666666667
1 0.40555555555555556 0.8901041666666667 0.07592592592592592 0.090625
1 0.5638888888888889 0.5666666666666667 0.10185185185185185 0.07395833333333333
1 0.2611111111111111 0.42604166666666665 0.09074074074074075 0.08020833333333334
1 0.12962962962962962 0.5348958333333333 0.1398148148148148 0.04114583333333333
1 0.1537037037037037 0.7083333333333334 0.1685185185185185 0.036458333333333336
1 0.10277777777777777 0.8885416666666667 0.15185185185185185 0.0359375
