0 0.5510416666666667 0.13055555555555556 0.07708333333333334 0.12685185185185185
0 0.6869791666666667 0.05648148148148148 0.07447916666666667 0.11388888888888889
0 0.8125 0.04259259259259259 0.0515625 0.08611111111111111
0 0.8 0.29074074074074074 0.07395833333333333 0.1648148148148148
0 0.8890625 0.28888888888888886 0.07395833333333333 0.18425925925925926
0 0.6177083333333333 0.4324074074074074 0.09947916666666666 0.17777777777777778
0 0.471875 0.7157407407407408 0.07395833333333333 0.17685185185185184
0 0.6322916666666667 0.7666666666666667 0.090625 0.14629629629629629
0 0.8364583333333333 0.6157407407407407 0.078125 0.2074074074074074
0 0.9583333333333334 0.700925925925926 0.0828125 0.1685185185185185
0 0.9786458333333333 0.4666666666666667 0.0421875 0.1
0 0.9765625 0.9777777777777777 0.035416666666666666 0.04351851851851852
