0 0.8694444444444445 0.5510416666666667 0.12777777777777777 0.07760416666666667
0 0.9425925925925925 0.6875 0.11388888888888889 0.075
0 0.9564814814814815 0.8130208333333333 0.08611111111111111 0.052083333333333336
0 0.7092592592592593 0.8 0.16574074074074074 0.07447916666666667
0 0.7111111111111111 0.8890625 0.18518518518518517 0.07447916666666667
0 0.5675925925925925 0.6182291666666667 0.1787037037037037 0.1
0 0.28425925925925927 0.471875 0.17777777777777778 0.07447916666666667
0 0.23333333333333334 0.6322916666666667 0.14722222222222223 0.09114583333333333
0 0.38425925925925924 0.8364583333333333 0.20833333333333334 0.07864583333333333
0 0.29907407407407405 0.9583333333333334 0.16944444444444445 0.0828125
0 0.5333333333333333 0.9786458333333333 0.10092592592592593 0.0421875
0 0.022222222222222223 0.9765625 0.04351851851851852 0.0359375
