0 0.18020833333333333 0.36018518518518516 0.07864583333333333 0.09907407407407408
0 0.28177083333333336 0.412962962962963 0.06822916666666666 0.11574074074074074
0 0.3776041666666667 0.4888888888888889 0.075 0.1037037037037037
0 0.5213541666666667 0.5398148148148149 0.06822916666666666 0.1111111111111111
0 0.940625 0.1787037037037037 0.059375 0.10740740740740741
0 0.8401041666666667 0.3685185185185185 0.05364583333333333 0.11481481481481481
0 0.9588541666666667 0.39814814814814814 0.06770833333333333 0.10462962962962963
0 0.9645833333333333 0.6259259259259259 0.065625 0.09259259259259259
0 0.334375 0.14629629629629629 0.05364583333333333 0.075
0 0.5067708333333333 0.13333333333333333 0.058854166666666666 0.058333333333333334
0 0.37916666666666665 0.33796296296296297 0.06458333333333334 0.1
0 0.12708333333333333 0.025925925925925925 0.0390625 0.05185185185185185
