0 0.6398148148148148 0.18072916666666666 0.1 0.07916666666666666
0 0.587037037037037 0.28229166666666666 0.11666666666666667 0.06875
0 0.5111111111111111 0.3776041666666667 0.10462962962962963 0.07552083333333333
0 0.4601851851851852 0.521875 0.11203703703703703 0.06875
0 0.8212962962962963 0.940625 0.10833333333333334 0.059895833333333336
0 0.6314814814814815 0.840625 0.11574074074074074 0.05416666666666667
0 0.6018518518518519 0.9588541666666667 0.10555555555555556 0.06822916666666666
0 0.37407407407407406 0.9645833333333333 0.09351851851851851 0.06614583333333333
0 0.8537037037037037 0.33489583333333334 0.07592592592592592 0.05416666666666667
0 0.8666666666666667 0.5072916666666667 0.05925925925925926 0.059375
0 0.6620370370370371 0.37916666666666665 0.10092592592592593 0.06510416666666667
0 0.9740740740740741 0.12760416666666666 0.05185185185185185 0.03958333333333333
