0 0.16927083333333334 0.06574074074074074 0.028125 0.09814814814814815
0 0.22395833333333334 0.12685185185185185 0.05416666666666667 0.12129629629629629
0 0.19947916666666668 0.2175925925925926 0.0484375 0.1037037037037037
0 0.3046875 0.20462962962962963 0.052083333333333336 0.09074074074074075
0 0.5036458333333333 0.14444444444444443 0.036458333333333336 0.10555555555555556
0 0.4588541666666667 0.046296296296296294 0.0484375 0.07685185185185185
0 0.5338541666666666 0.33425925925925926 0.0671875 0.08611111111111111
0 0.19166666666666668 0.41944444444444445 0.059375 0.08055555555555556
0 0.27447916666666666 0.5138888888888888 0.04010416666666667 0.10648148148148148
0 0.40208333333333335 0.5018518518518519 0.0390625 0.12314814814814815
0 0.5265625 0.5407407407407407 0.034895833333333334 0.1111111111111111
0 0.9697916666666667 0.612037037037037 0.046875 0.09537037037037037
0 0.9239583333333333 0.02962962962962963 0.06458333333333334 0.05
