0 0.9342592592592592 0.16927083333333334 0.09907407407407408 0.028645833333333332
0 0.8731481481481481 0.22395833333333334 0.12222222222222222 0.0546875
0 0.7824074074074074 0.2 0.10462962962962963 0.04895833333333333
0 0.7953703703703704 0.3046875 0.09166666666666666 0.05260416666666667
0 0.8555555555555555 0.5036458333333333 0.10648148148148148 0.03697916666666667
0 0.9537037037037037 0.459375 0.07777777777777778 0.04895833333333333
0 0.6657407407407407 0.534375 0.08703703703703704 0.06770833333333333
0 0.5805555555555556 0.19166666666666668 0.08148148148148149 0.059895833333333336
0 0.4861111111111111 0.275 0.10740740740740741 0.040625
0 0.4981481481481482 0.40260416666666665 0.12407407407407407 0.03958333333333333
0 0.45925925925925926 0.5270833333333333 0.11203703703703703 0.035416666666666666
0 0.38796296296296295 0.9697916666666667 0.0962962962962963 0.04739583333333333
0 0.9703703703703703 0.9239583333333333 0.05092592592592592 0.06510416666666667
