0 0.21158854166666666 0.08217592592592593 0.035807291666666664 0.12384259259259259
0 0.2799479166666667 0.1597222222222222 0.068359375 0.1527777777777778
0 0.25 0.27199074074074076 0.061197916666666664 0.13078703703703703
0 0.380859375 0.25578703703703703 0.06575520833333333 0.11458333333333333
0 0.6295572916666666 0.18055555555555555 0.046223958333333336 0.13310185185185186
0 0.57421875 0.059027777777777776 0.061197916666666664 0.09722222222222222
0 0.66796875 0.41898148148148145 0.08463541666666667 0.1087962962962963
0 0.23958333333333334 0.5254629629629629 0.07486979166666667 0.10185185185185185
0 0.34375 0.6435185185185185 0.05078125 0.13425925925925927
0 0.5032552083333334 0.6284722222222222 0.049479166666666664 0.1550925925925926
0 0.6588541666666666 0.6759259259259259 0.044270833333333336 0.1400462962962963
