1 0.35572916666666665 0.387037037037037 0.07395833333333333 0.05740740740740741
1 0.5145833333333333 0.524074074074074 0.04479166666666667 0.14351851851851852
1 0.2234375 0.5972222222222222 0.06197916666666667 0.0962962962962963
1 0.17916666666666667 0.03796296296296296 0.0765625 0.06666666666666667
1 0.9307291666666667 0.18888888888888888 0.0359375 0.125
1 0.9640625 0.06759259259259259 0.04635416666666667 0.0712962962962963
1 0.9057291666666667 0.03425925925925926 0.027083333333333334 0.06851851851851852
1 0.9359375 0.39351851851851855 0.058854166666666666 0.049074074074074076
0 0.9557291666666666 0.5833333333333334 0.058854166666666666 0.08148148148148149
0 0.41875 0.5342592592592592 0.058854166666666666 0.1037037037037037
0 0.26510416666666664 0.25555555555555554 0.0765625 0.11666666666666667
0 0.40520833333333334 0.12407407407407407 0.07916666666666666 0.15092592592592594
0 0.4390625 0.023148148148148147 0.04114583333333333 0.046296296296296294
