1 0.6129629629629629 0.35572916666666665 0.058333333333333334 0.07447916666666667
1 0.4759259259259259 0.5145833333333333 0.14444444444444443 0.0453125
1 0.4027777777777778 0.22395833333333334 0.09722222222222222 0.0625
1 0.962037037037037 0.1796875 0.06759259259259259 0.07708333333333334
1 0.8111111111111111 0.93125 0.1259259259259259 0.036458333333333336
1 0.9324074074074075 0.9645833333333333 0.07222222222222222 0.046875
1 0.9657407407407408 0.9057291666666667 0.06851851851851852 0.027604166666666666
1 0.6064814814814815 0.9364583333333333 0.05 0.059375
0 0.4166666666666667 0.95625 0.0824074074074074 0.059375
0 0.46574074074074073 0.4192708333333333 0.10462962962962963 0.059375
0 0.7444444444444445 0.265625 0.1175925925925926 0.07708333333333334
0 0.8759259259259259 0.40520833333333334 0.15185185185185185 0.0796875
0 0.9768518518518519 0.4395833333333333 0.046296296296296294 0.041666666666666664
