0 0.409375 0.1824074074074074 0.078125 0.14722222222222223
0 0.453125 0.5898148148148148 0.06145833333333333 0.09259259259259259
1 0.20572916666666666 0.09351851851851851 0.06458333333333334 0.06666666666666667
1 0.24635416666666668 0.6296296296296297 0.04114583333333333 0.10925925925925926
1 0.35520833333333335 0.42685185185185187 0.0609375 0.07037037037037037
1 0.5088541666666667 0.5287037037037037 0.026041666666666668 0.1111111111111111
1 0.8723958333333334 0.16111111111111112 0.015625 0.09166666666666666
1 0.9166666666666666 0.19814814814814816 0.05625 0.09351851851851851
1 0.8619791666666666 0.013888888888888888 0.046875 0.028703703703703703
1 0.8958333333333334 0.4935185185185185 0.06354166666666666 0.041666666666666664
1 0.8947916666666667 0.31574074074074077 0.024479166666666666 0.09907407407407408
1 0.9869791666666666 0.2796296296296296 0.024479166666666666 0.08148148148148149
1 0.9677083333333333 0.5657407407407408 0.026041666666666668 0.11851851851851852
0 0.9270833333333334 0.7111111111111111 0.050520833333333334 0.07037037037037037
