0 0.8175925925925925 0.409375 0.14814814814814814 0.07864583333333333
0 0.4101851851851852 0.453125 0.09351851851851851 0.06197916666666667
1 0.9064814814814814 0.20572916666666666 0.06759259259259259 0.06510416666666667
1 0.37037037037037035 0.246875 0.11018518518518519 0.041666666666666664
1 0.5731481481481482 0.35572916666666665 0.0712962962962963 0.06145833333333333
1 0.47129629629629627 0.5088541666666667 0.11203703703703703 0.0265625
1 0.8388888888888889 0.8723958333333334 0.09259259259259259 0.016145833333333335
1 0.8018518518518518 0.9166666666666666 0.09444444444444444 0.05677083333333333
1 0.9851851851851852 0.8619791666666666 0.028703703703703703 0.04739583333333333
1 0.5064814814814815 0.8958333333333334 0.04259259259259259 0.0640625
1 0.6842592592592592 0.8953125 0.1 0.025
1 0.7203703703703703 0.9875 0.0824074074074074 0.025
1 0.43425925925925923 0.9677083333333333 0.11944444444444445 0.0265625
0 0.28888888888888886 0.9276041666666667 0.0712962962962963 0.051041666666666666
