1 0.2947916666666667 0.17592592592592593 0.03125 0.16944444444444445
1 0.26927083333333335 0.3111111111111111 0.07604166666666666 0.08148148148148149
1 0.39479166666666665 0.2537037037037037 0.07447916666666667 0.0824074074074074
1 0.47604166666666664 0.2074074074074074 0.05625 0.06296296296296296
1 0.5479166666666667 0.16944444444444445 0.022395833333333334 0.0962962962962963
1 0.6239583333333333 0.20833333333333334 0.05520833333333333 0.18518518518518517
1 0.6921875 0.24074074074074073 0.0375 0.11388888888888889
1 0.8166666666666667 0.24814814814814815 0.04583333333333333 0.11388888888888889
1 0.66875 0.4537037037037037 0.03854166666666667 0.09259259259259259
1 0.8020833333333334 0.42592592592592593 0.040625 0.05648148148148148
1 0.7932291666666667 0.5898148148148148 0.059895833333333336 0.046296296296296294
1 0.665625 0.7324074074074074 0.03802083333333333 0.16203703703703703
1 0.5895833333333333 0.6787037037037037 0.071875 0.07962962962962963
1 0.41822916666666665 0.6935185185185185 0.04479166666666667 0.06851851851851852
1 0.415625 0.4148148148148148 0.034375 0.1037037037037037
1 0.5036458333333333 0.44814814814814813 0.040625 0.03796296296296296
1 0.2598958333333333 0.5027777777777778 0.06770833333333333 0.08148148148148149
1 0.2296875 0.6611111111111111 0.07447916666666667 0.06388888888888888
0 0.8921875 0.8101851851851852 0.052083333333333336 0.0787037037037037
0 0.9322916666666666 0.3314814814814815 0.08125 0.18981481481481483
0 0.9875 0.30925925925925923 0.023958333333333335 0.17592592592592593
