1 0.8240740740740741 0.2947916666666667 0.17037037037037037 0.03177083333333333
1 0.6888888888888889 0.26927083333333335 0.0824074074074074 0.0765625
1 0.7462962962962963 0.3953125 0.08333333333333333 0.075
1 0.7925925925925926 0.47604166666666664 0.06388888888888888 0.05677083333333333
1 0.8305555555555556 0.5484375 0.09722222222222222 0.022916666666666665
1 0.7916666666666666 0.6239583333333333 0.18611111111111112 0.05572916666666667
1 0.7592592592592593 0.6921875 0.11481481481481481 0.03802083333333333
1 0.7518518518518519 0.8166666666666667 0.11481481481481481 0.04635416666666667
1 0.5462962962962963 0.66875 0.09351851851851851 0.0390625
1 0.5740740740740741 0.8020833333333334 0.05740740740740741 0.04114583333333333
1 0.4101851851851852 0.79375 0.04722222222222222 0.06041666666666667
1 0.2675925925925926 0.6661458333333333 0.16296296296296298 0.03854166666666667
1 0.3212962962962963 0.5895833333333333 0.08055555555555556 0.07239583333333334
1 0.30648148148148147 0.41822916666666665 0.06944444444444445 0.0453125
1 0.5851851851851851 0.415625 0.10462962962962963 0.034895833333333334
1 0.5518518518518518 0.5036458333333333 0.03888888888888889 0.04114583333333333
1 0.49722222222222223 0.2598958333333333 0.0824074074074074 0.06822916666666666
1 0.3388888888888889 0.23020833333333332 0.06481481481481481 0.075
0 0.18981481481481483 0.8921875 0.07962962962962963 0.05260416666666667
0 0.6685185185185185 0.9322916666666666 0.19074074074074074 0.08177083333333333
0 0.6907407407407408 0.9875 0.17685185185185184 0.024479166666666666
