1 0.3684895833333333 0.22106481481481483 0.039713541666666664 0.21296296296296297
1 0.3365885416666667 0.3888888888888889 0.095703125 0.10300925925925926
1 0.494140625 0.31828703703703703 0.09375 0.10416666666666667
1 0.5950520833333334 0.25925925925925924 0.07096354166666667 0.0798611111111111
1 0.685546875 0.21180555555555555 0.028645833333333332 0.12152777777777778
1 0.7799479166666666 0.2604166666666667 0.06966145833333333 0.2326388888888889
1 0.865234375 0.3020833333333333 0.047526041666666664 0.14351851851851852
1 0.99609375 0.3113425925925926 0.0078125 0.14351851851851852
1 0.8359375 0.5671296296296297 0.048828125 0.11689814814814815
1 0.98828125 0.5335648148148148 0.022786458333333332 0.07175925925925926
1 0.9772135416666666 0.7372685185185185 0.045572916666666664 0.059027777777777776
1 0.8326822916666666 0.9074074074074074 0.048177083333333336 0.18518518518518517
1 0.7369791666666666 0.8483796296296297 0.09049479166666667 0.10069444444444445
1 0.5227864583333334 0.8668981481481481 0.056640625 0.08680555555555555
1 0.51953125 0.5185185185185185 0.043619791666666664 0.13078703703703703
1 0.6295572916666666 0.5613425925925926 0.051432291666666664 0.04861111111111111
1 0.3248697916666667 0.6284722222222222 0.08528645833333333 0.10300925925925926
1 0.2877604166666667 0.8275462962962963 0.09375 0.08101851851851852
