1 0.17604166666666668 0.3972222222222222 0.075 0.18333333333333332
1 0.2755208333333333 0.44351851851851853 0.06614583333333333 0.15
1 0.3536458333333333 0.5157407407407407 0.08645833333333333 0.14166666666666666
1 0.4421875 0.46296296296296297 0.08489583333333334 0.17592592592592593
1 0.2140625 0.6537037037037037 0.08333333333333333 0.23148148148148148
1 0.3098958333333333 0.7592592592592593 0.084375 0.16296296296296298
1 0.37916666666666665 0.8388888888888889 0.05 0.24166666666666667
1 0.49375 0.825925925925926 0.059895833333333336 0.1037037037037037
1 0.5005208333333333 0.937962962962963 0.0609375 0.12314814814814815
1 0.17916666666666667 0.9027777777777778 0.07135416666666666 0.09259259259259259
1 0.284375 0.9425925925925925 0.04791666666666667 0.06296296296296296
0 0.8380208333333333 0.649074074074074 0.09635416666666667 0.20277777777777778
0 0.9791666666666666 0.6555555555555556 0.04114583333333333 0.15555555555555556
1 0.9864583333333333 0.812037037037037 0.0265625 0.10925925925925926
1 0.903125 0.9611111111111111 0.078125 0.07592592592592592
