1 0.6027777777777777 0.17604166666666668 0.18425925925925926 0.07552083333333333
1 0.5564814814814815 0.2760416666666667 0.15092592592592594 0.06666666666666667
1 0.4842592592592593 0.3536458333333333 0.1425925925925926 0.08697916666666666
1 0.5370370370370371 0.4427083333333333 0.17685185185185184 0.08541666666666667
1 0.34629629629629627 0.2140625 0.2324074074074074 0.08385416666666666
1 0.24074074074074073 0.3098958333333333 0.1638888888888889 0.08489583333333334
1 0.16111111111111112 0.37916666666666665 0.24259259259259258 0.050520833333333334
1 0.17407407407407408 0.4942708333333333 0.10462962962962963 0.06041666666666667
1 0.062037037037037036 0.5010416666666667 0.12314814814814815 0.06145833333333333
1 0.09722222222222222 0.1796875 0.09351851851851851 0.071875
1 0.05740740740740741 0.284375 0.06388888888888888 0.0484375
0 0.3509259259259259 0.8385416666666666 0.2037037037037037 0.096875
0 0.34444444444444444 0.9791666666666666 0.15648148148148147 0.04114583333333333
1 0.18796296296296297 0.9864583333333333 0.11018518518518519 0.0265625
1 0.03888888888888889 0.903125 0.07685185185185185 0.07864583333333333
