0 0.3416666666666667 0.35185185185185186 0.08489583333333334 0.1037037037037037
0 0.5135416666666667 0.14629629629629629 0.06197916666666667 0.20185185185185187
0 0.65 0.4222222222222222 0.0765625 0.13703703703703704
0 0.278125 0.5833333333333334 0.06458333333333334 0.16203703703703703
0 0.25885416666666666 0.8324074074074074 0.058854166666666666 0.13240740740740742
0 0.496875 0.6194444444444445 0.05416666666666667 0.15
0 0.5473958333333333 0.7805555555555556 0.07447916666666667 0.08518518518518518
0 0.6453125 0.7898148148148149 0.06458333333333334 0.15185185185185185
0 0.6989583333333333 0.7194444444444444 0.058854166666666666 0.11944444444444445
0 0.9802083333333333 0.4537037037037037 0.03958333333333333 0.09814814814814815
0 0.875 0.2953703703703704 0.05572916666666667 0.12777777777777777
1 0.346875 0.5981481481481481 0.059375 0.07685185185185185
1 0.4296875 0.725925925925926 0.0359375 0.13703703703703704
1 0.7364583333333333 0.5055555555555555 0.03229166666666667 0.11851851851851852
1 0.7270833333333333 0.29074074074074074 0.06041666666666667 0.07777777777777778
1 0.8104166666666667 0.7101851851851851 0.058333333333333334 0.0787037037037037
1 0.9427083333333334 0.7537037037037037 0.029166666666666667 0.09814814814814815
