0 0.6481481481481481 0.3421875 0.10462962962962963 0.08541666666666667
0 0.8537037037037037 0.5140625 0.20277777777777778 0.0625
0 0.5777777777777777 0.6505208333333333 0.13796296296296295 0.07708333333333334
0 0.4166666666666667 0.278125 0.16296296296296298 0.06510416666666667
0 0.1675925925925926 0.259375 0.13333333333333333 0.059375
0 0.38055555555555554 0.496875 0.15092592592592594 0.0546875
0 0.21944444444444444 0.5479166666666667 0.08611111111111111 0.075
0 0.2101851851851852 0.6453125 0.1527777777777778 0.06510416666666667
0 0.28055555555555556 0.6994791666666667 0.12037037037037036 0.059375
0 0.5462962962962963 0.9802083333333333 0.09907407407407408 0.03958333333333333
0 0.7046296296296296 0.8755208333333333 0.1287037037037037 0.05625
1 0.40185185185185185 0.346875 0.07777777777777778 0.059895833333333336
1 0.2740740740740741 0.43020833333333336 0.13796296296296295 0.036458333333333336
1 0.49444444444444446 0.7364583333333333 0.11944444444444445 0.0328125
1 0.7092592592592593 0.7270833333333333 0.0787037037037037 0.0609375
1 0.2898148148148148 0.8104166666666667 0.07962962962962963 0.058854166666666666
1 0.2462962962962963 0.9427083333333334 0.09907407407407408 0.0296875
