0 0.427734375 0.4398148148148148 0.10677083333333333 0.13078703703703703
0 0.642578125 0.18287037037037038 0.078125 0.2534722222222222
0 0.8131510416666666 0.5277777777777778 0.09635416666666667 0.1724537037037037
0 0.34765625 0.7303240740740741 0.08138020833333333 0.2037037037037037
0 0.32421875 0.9791666666666666 0.07421875 0.041666666666666664
0 0.62109375 0.7743055555555556 0.068359375 0.1886574074074074
0 0.6848958333333334 0.9606481481481481 0.09375 0.0775462962962963
0 0.806640625 0.9456018518518519 0.08138020833333333 0.1076388888888889
0 0.8743489583333334 0.9004629629629629 0.07421875 0.15046296296296297
1 0.43359375 0.7488425925925926 0.07486979166666667 0.09722222222222222
1 0.5377604166666666 0.9074074074074074 0.045572916666666664 0.1724537037037037
1 0.9205729166666666 0.6319444444444444 0.041015625 0.14930555555555555
1 0.9088541666666666 0.36342592592592593 0.076171875 0.09837962962962964
1 0.98828125 0.8888888888888888 0.0234375 0.09953703703703703
