1 0.37916666666666665 0.3611111111111111 0.05260416666666667 0.12314814814814815
1 0.47239583333333335 0.29814814814814816 0.05520833333333333 0.03981481481481482
1 0.5848958333333333 0.35648148148148145 0.06614583333333333 0.05462962962962963
1 0.6651041666666667 0.36018518518518516 0.04479166666666667 0.06666666666666667
1 0.7588541666666667 0.42685185185185187 0.019791666666666666 0.09537037037037037
1 0.8598958333333333 0.40185185185185185 0.025520833333333333 0.10092592592592593
1 0.9057291666666667 0.524074074074074 0.050520833333333334 0.06574074074074074
1 0.9036458333333334 0.6416666666666667 0.0546875 0.062037037037037036
1 0.8921875 0.8138888888888889 0.058333333333333334 0.05740740740740741
1 0.9755208333333333 0.8861111111111111 0.0484375 0.07314814814814814
1 0.6260416666666667 0.8722222222222222 0.03333333333333333 0.06851851851851852
1 0.7770833333333333 0.8342592592592593 0.036458333333333336 0.08518518518518518
1 0.7052083333333333 0.6453703703703704 0.08125 0.05185185185185185
1 0.7380208333333333 0.5666666666666667 0.0359375 0.07407407407407407
1 0.6145833333333334 0.5657407407407408 0.035416666666666666 0.08611111111111111
1 0.5385416666666667 0.5120370370370371 0.033854166666666664 0.10462962962962963
1 0.4973958333333333 0.4444444444444444 0.06041666666666667 0.05462962962962963
1 0.36875 0.5740740740740741 0.05625 0.12314814814814815
1 0.43802083333333336 0.6296296296296297 0.04010416666666667 0.12962962962962962
1 0.5119791666666667 0.7444444444444445 0.04635416666666667 0.09537037037037037
1 0.6026041666666667 0.7657407407407407 0.042708333333333334 0.05185185185185185
1 0.42552083333333335 0.799074074074074 0.040625 0.08055555555555556
1 0.30520833333333336 0.774074074074074 0.071875 0.04722222222222222
1 0.6859375 0.7277777777777777 0.05520833333333333 0.09814814814814815
