1 0.6388888888888888 0.3796875 0.12407407407407407 0.053125
1 0.7018518518518518 0.47239583333333335 0.040740740740740744 0.05572916666666667
1 0.6435185185185185 0.5854166666666667 0.05555555555555555 0.06666666666666667
1 0.6398148148148148 0.6651041666666667 0.06759259259259259 0.0453125
1 0.5731481481481482 0.7588541666666667 0.0962962962962963 0.0203125
1 0.5981481481481481 0.8604166666666667 0.10185185185185185 0.026041666666666668
1 0.4759259259259259 0.90625 0.06666666666666667 0.051041666666666666
1 0.35833333333333334 0.9041666666666667 0.06296296296296296 0.05520833333333333
1 0.18611111111111112 0.8921875 0.058333333333333334 0.058854166666666666
1 0.11388888888888889 0.9755208333333333 0.07407407407407407 0.0484375
1 0.12777777777777777 0.6260416666666667 0.06944444444444445 0.033854166666666664
1 0.16574074074074074 0.7770833333333333 0.08611111111111111 0.03697916666666667
1 0.35462962962962963 0.7052083333333333 0.05277777777777778 0.08177083333333333
1 0.43333333333333335 0.7385416666666667 0.075 0.036458333333333336
1 0.43425925925925923 0.6145833333333334 0.08703703703703704 0.0359375
1 0.487962962962963 0.5390625 0.10555555555555556 0.034375
1 0.5555555555555556 0.4973958333333333 0.05555555555555555 0.0609375
1 0.42592592592592593 0.36875 0.12407407407407407 0.05677083333333333
1 0.37037037037037035 0.43854166666666666 0.13055555555555556 0.040625
1 0.25555555555555554 0.5125 0.0962962962962963 0.046875
1 0.23425925925925925 0.6026041666666667 0.05277777777777778 0.043229166666666666
1 0.20092592592592592 0.42552083333333335 0.08148148148148149 0.04114583333333333
1 0.22592592592592592 0.30520833333333336 0.04814814814814815 0.07239583333333334
1 0.2722222222222222 0.6859375 0.09907407407407408 0.05572916666666667
