1 0.474609375 0.4525462962962963 0.06640625 0.1550925925925926
1 0.5904947916666666 0.3738425925925926 0.06966145833333333 0.05092592592592592
1 0.7317708333333334 0.44675925925925924 0.08333333333333333 0.06944444444444445
1 0.8313802083333334 0.45023148148148145 0.056640625 0.08449074074074074
1 0.9485677083333334 0.5347222222222222 0.025390625 0.12037037037037036
1 0.9713541666666666 0.9942129629629629 0.046223958333333336 0.010416666666666666
1 0.8815104166666666 0.8067129629629629 0.10221354166666667 0.06597222222222222
1 0.9231770833333334 0.7083333333333334 0.045572916666666664 0.09375
1 0.7682291666666666 0.7083333333333334 0.044921875 0.1087962962962963
1 0.673828125 0.6412037037037037 0.04296875 0.13194444444444445
1 0.6217447916666666 0.5567129629629629 0.076171875 0.06944444444444445
1 0.4609375 0.71875 0.07096354166666667 0.1550925925925926
1 0.5481770833333334 0.7870370370370371 0.05078125 0.16319444444444445
1 0.640625 0.9317129629629629 0.05859375 0.12037037037037036
1 0.7532552083333334 0.9571759259259259 0.054036458333333336 0.06597222222222222
1 0.5319010416666666 0.9745370370370371 0.051432291666666664 0.05092592592592592
1 0.3815104166666667 0.96875 0.09049479166666667 0.06018518518518518
1 0.857421875 0.9097222222222222 0.06966145833333333 0.12384259259259259
