0 0.27447916666666666 0.09166666666666666 0.08541666666666667 0.17407407407407408
0 0.5890625 0.19166666666666668 0.06197916666666667 0.13518518518518519
1 0.234375 0.36018518518518516 0.07291666666666667 0.10925925925925926
1 0.34375 0.39166666666666666 0.03958333333333333 0.09814814814814815
1 0.45416666666666666 0.4009259259259259 0.0359375 0.13333333333333333
1 0.22395833333333334 0.6157407407407407 0.06510416666666667 0.08981481481481482
1 0.36875 0.6685185185185185 0.05677083333333333 0.08518518518518518
1 0.5666666666666667 0.6814814814814815 0.0953125 0.07962962962962963
1 0.5359375 0.8361111111111111 0.034895833333333334 0.1574074074074074
1 0.20989583333333334 0.7564814814814815 0.09010416666666667 0.12129629629629629
1 0.19635416666666666 0.9314814814814815 0.0578125 0.05185185185185185
1 0.9796875 0.24537037037037038 0.03958333333333333 0.05462962962962963
1 0.9942708333333333 0.45925925925925926 0.010416666666666666 0.040740740740740744
1 0.98125 0.675 0.036458333333333336 0.09907407407407408
1 0.9864583333333333 0.8388888888888889 0.024479166666666666 0.1259259259259259
