0 0.9083333333333333 0.27447916666666666 0.175 0.0859375
0 0.8083333333333333 0.5895833333333333 0.1361111111111111 0.0625
1 0.6398148148148148 0.234375 0.11018518518518519 0.0734375
1 0.6083333333333333 0.34375 0.09907407407407408 0.04010416666666667
1 0.5990740740740741 0.4546875 0.13425925925925927 0.036458333333333336
1 0.38425925925925924 0.22447916666666667 0.09074074074074075 0.065625
1 0.3314814814814815 0.3692708333333333 0.08611111111111111 0.057291666666666664
1 0.31851851851851853 0.5671875 0.08055555555555556 0.09583333333333334
1 0.1638888888888889 0.5364583333333334 0.15833333333333333 0.035416666666666666
1 0.24351851851851852 0.21041666666666667 0.12222222222222222 0.090625
1 0.06851851851851852 0.196875 0.05277777777777778 0.058333333333333334
1 0.7546296296296297 0.9796875 0.05555555555555555 0.04010416666666667
1 0.5407407407407407 0.9942708333333333 0.041666666666666664 0.0109375
1 0.325 0.98125 0.1 0.03697916666666667
1 0.16111111111111112 0.9869791666666666 0.12685185185185185 0.025
