0 0.3430989583333333 0.11458333333333333 0.107421875 0.21875
0 0.7369791666666666 0.23958333333333334 0.078125 0.1701388888888889
1 0.29296875 0.45023148148148145 0.091796875 0.13773148148148148
1 0.4296875 0.4895833333333333 0.050130208333333336 0.12384259259259259
1 0.568359375 0.5011574074074074 0.045572916666666664 0.16782407407407407
1 0.2805989583333333 0.7708333333333334 0.08203125 0.11342592592592593
1 0.4615885416666667 0.8356481481481481 0.07161458333333333 0.1076388888888889
1 0.708984375 0.8518518518518519 0.11979166666666667 0.10069444444444445
1 0.6705729166666666 0.9733796296296297 0.044270833333333336 0.05324074074074074
1 0.2630208333333333 0.9351851851851852 0.11328125 0.12962962962962962
