1 0.1796875 0.2611111111111111 0.07239583333333334 0.07592592592592592
1 0.265625 0.14629629629629629 0.051041666666666666 0.12129629629629629
1 0.3536458333333333 0.1425925925925926 0.06354166666666666 0.12314814814814815
1 0.46197916666666666 0.16574074074074074 0.04635416666666667 0.14722222222222223
1 0.48385416666666664 0.4111111111111111 0.04583333333333333 0.09351851851851851
1 0.3651041666666667 0.32314814814814813 0.041666666666666664 0.1175925925925926
1 0.35520833333333335 0.5722222222222222 0.052083333333333336 0.175
1 0.4166666666666667 0.6185185185185185 0.08177083333333333 0.13055555555555556
1 0.509375 0.737037037037037 0.03958333333333333 0.08611111111111111
1 0.42864583333333334 0.799074074074074 0.05 0.11851851851851852
1 0.2947916666666667 0.7787037037037037 0.05572916666666667 0.05648148148148148
1 0.19427083333333334 0.487962962962963 0.07708333333333334 0.06666666666666667
1 0.1421875 0.6833333333333333 0.05520833333333333 0.1111111111111111
1 0.14583333333333334 0.8666666666666667 0.06145833333333333 0.1388888888888889
1 0.2546875 0.9629629629629629 0.08229166666666667 0.06759259259259259
1 0.4125 0.9722222222222222 0.0625 0.05277777777777778
1 0.2864583333333333 0.5222222222222223 0.0453125 0.10555555555555556
0 0.9739583333333334 0.14814814814814814 0.050520833333333334 0.09166666666666666
0 0.8713541666666667 0.25833333333333336 0.05572916666666667 0.1259259259259259
0 0.8526041666666667 0.4601851851851852 0.09427083333333333 0.14074074074074075
0 0.9125 0.5787037037037037 0.06197916666666667 0.11666666666666667
1 0.8947916666666667 0.825925925925926 0.035416666666666666 0.12314814814814815
