1 0.7388888888888889 0.18020833333333333 0.07685185185185185 0.07291666666666667
1 0.8537037037037037 0.265625 0.12222222222222222 0.0515625
1 0.8574074074074074 0.3536458333333333 0.12407407407407407 0.0640625
1 0.8342592592592593 0.4625 0.14814814814814814 0.046875
1 0.5888888888888889 0.48385416666666664 0.09444444444444444 0.04635416666666667
1 0.6768518518518518 0.3651041666666667 0.11851851851851852 0.0421875
1 0.42777777777777776 0.35520833333333335 0.17592592592592593 0.05260416666666667
1 0.3814814814814815 0.4171875 0.13148148148148148 0.08229166666666667
1 0.26296296296296295 0.509375 0.08703703703703704 0.04010416666666667
1 0.20092592592592592 0.42864583333333334 0.11944444444444445 0.050520833333333334
1 0.2212962962962963 0.2953125 0.05740740740740741 0.05625
1 0.5120370370370371 0.19427083333333334 0.06759259259259259 0.07760416666666667
1 0.31666666666666665 0.1421875 0.11203703703703703 0.05572916666666667
1 0.13333333333333333 0.14583333333333334 0.1398148148148148 0.06197916666666667
1 0.037037037037037035 0.2546875 0.06851851851851852 0.0828125
1 0.027777777777777776 0.4125 0.053703703703703705 0.06302083333333333
1 0.4777777777777778 0.2869791666666667 0.10648148148148148 0.04583333333333333
0 0.8518518518518519 0.9744791666666667 0.09259259259259259 0.051041666666666666
0 0.7416666666666667 0.871875 0.12685185185185185 0.05625
0 0.5398148148148149 0.853125 0.14166666666666666 0.09479166666666666
0 0.4212962962962963 0.9130208333333333 0.1175925925925926 0.0625
1 0.17407407407407408 0.8947916666666667 0.12407407407407407 0.0359375
