1 0.22526041666666666 0.3263888888888889 0.09114583333333333 0.09606481481481481
1 0.33203125 0.1840277777777778 0.064453125 0.1527777777777778
1 0.4420572916666667 0.17939814814814814 0.080078125 0.1550925925925926
1 0.578125 0.20833333333333334 0.05859375 0.18518518518518517
1 0.6048177083333334 0.5150462962962963 0.057942708333333336 0.11805555555555555
1 0.4563802083333333 0.4050925925925926 0.052734375 0.14814814814814814
1 0.4440104166666667 0.7164351851851852 0.06575520833333333 0.2199074074074074
1 0.521484375 0.7743055555555556 0.10286458333333333 0.16435185185185186
1 0.63671875 0.9224537037037037 0.050130208333333336 0.1087962962962963
1 0.5358072916666666 0.9618055555555556 0.06315104166666667 0.07523148148148148
1 0.369140625 0.96875 0.0703125 0.061342592592592594
1 0.24283854166666666 0.6099537037037037 0.09700520833333333 0.08449074074074074
1 0.177734375 0.8541666666666666 0.06966145833333333 0.1400462962962963
1 0.18229166666666666 0.9976851851851852 0.07747395833333333 0.003472222222222222
1 0.3587239583333333 0.6527777777777778 0.057291666666666664 0.13310185185185186
