1 0.18645833333333334 0.4203703703703704 0.07291666666666667 0.08518518518518518
1 0.20833333333333334 0.5574074074074075 0.0609375 0.08981481481481482
1 0.17291666666666666 0.6435185185185185 0.052083333333333336 0.09722222222222222
1 0.15989583333333332 0.7981481481481482 0.07083333333333333 0.05277777777777778
1 0.27395833333333336 0.7379629629629629 0.09739583333333333 0.0824074074074074
1 0.3255208333333333 0.5907407407407408 0.07083333333333333 0.11944444444444445
1 0.3609375 0.487962962962963 0.09427083333333333 0.08425925925925926
1 0.3536458333333333 0.3416666666666667 0.05 0.05925925925925926
1 0.4166666666666667 0.30092592592592593 0.0765625 0.09166666666666666
1 0.5088541666666667 0.37222222222222223 0.0578125 0.05648148148148148
1 0.6255208333333333 0.3296296296296296 0.04375 0.09814814814814815
1 0.7786458333333334 0.2851851851851852 0.030729166666666665 0.06296296296296296
1 0.5020833333333333 0.5370370370370371 0.059375 0.06296296296296296
1 0.5807291666666666 0.5185185185185185 0.04375 0.05555555555555555
1 0.6979166666666666 0.524074074074074 0.078125 0.03611111111111111
1 0.7197916666666667 0.43703703703703706 0.05572916666666667 0.10740740740740741
1 0.8 0.38425925925925924 0.058333333333333334 0.058333333333333334
1 0.89375 0.3972222222222222 0.04635416666666667 0.1037037037037037
1 0.9833333333333333 0.3314814814814815 0.03333333333333333 0.08055555555555556
1 0.9729166666666667 0.5111111111111111 0.0421875 0.12037037037037036
1 0.8755208333333333 0.6398148148148148 0.035416666666666666 0.09351851851851851
1 0.9145833333333333 0.6925925925925925 0.05572916666666667 0.03518518518518519
1 0.9447916666666667 0.8444444444444444 0.0578125 0.023148148148148147
1 0.8307291666666666 0.799074074074074 0.06510416666666667 0.03518518518518519
1 0.7484375 0.7962962962962963 0.0421875 0.07222222222222222
1 0.653125 0.7472222222222222 0.0234375 0.10185185185185185
1 0.5505208333333333 0.7870370370370371 0.026041666666666668 0.09907407407407408
1 0.5010416666666667 0.6694444444444444 0.04895833333333333 0.06111111111111111
1 0.6682291666666667 0.6037037037037037 0.03697916666666667 0.08148148148148149
1 0.4036458333333333 0.6675925925925926 0.022395833333333334 0.053703703703703705
1 0.3885416666666667 0.7685185185185185 0.0453125 0.09814814814814815
