1 0.5796296296296296 0.18645833333333334 0.08611111111111111 0.0734375
1 0.4425925925925926 0.20885416666666667 0.09074074074074075 0.06145833333333333
1 0.35648148148148145 0.17291666666666666 0.09814814814814815 0.05260416666666667
1 0.20185185185185187 0.15989583333333332 0.053703703703703705 0.07135416666666666
1 0.262037037037037 0.27447916666666666 0.08333333333333333 0.09791666666666667
1 0.40925925925925927 0.3255208333333333 0.12037037037037036 0.07135416666666666
1 0.5120370370370371 0.3614583333333333 0.08518518518518518 0.09479166666666666
1 0.6583333333333333 0.3536458333333333 0.06018518518518518 0.050520833333333334
1 0.6990740740740741 0.4171875 0.09259259259259259 0.07708333333333334
1 0.6277777777777778 0.509375 0.05740740740740741 0.058333333333333334
1 0.6703703703703704 0.6255208333333333 0.09907407407407408 0.044270833333333336
1 0.7148148148148148 0.7791666666666667 0.06388888888888888 0.03125
1 0.46296296296296297 0.5020833333333333 0.06388888888888888 0.059895833333333336
1 0.48148148148148145 0.5807291666666666 0.05648148148148148 0.044270833333333336
1 0.4759259259259259 0.6979166666666666 0.037037037037037035 0.07864583333333333
1 0.562962962962963 0.7203125 0.10833333333333334 0.05625
1 0.6157407407407407 0.8 0.05925925925925926 0.058854166666666666
1 0.6027777777777777 0.8942708333333333 0.10462962962962963 0.046875
1 0.6685185185185185 0.9833333333333333 0.08148148148148149 0.03333333333333333
1 0.4888888888888889 0.9734375 0.12129629629629629 0.042708333333333334
1 0.36018518518518516 0.8755208333333333 0.09444444444444444 0.0359375
1 0.3074074074074074 0.9151041666666667 0.03611111111111111 0.05625
1 0.15555555555555556 0.9453125 0.024074074074074074 0.058333333333333334
1 0.20092592592592592 0.83125 0.03611111111111111 0.065625
1 0.2037037037037037 0.7489583333333333 0.07314814814814814 0.042708333333333334
1 0.25277777777777777 0.6536458333333334 0.10277777777777777 0.023958333333333335
1 0.21296296296296297 0.5505208333333333 0.1 0.0265625
1 0.33055555555555555 0.5010416666666667 0.062037037037037036 0.049479166666666664
1 0.3962962962962963 0.66875 0.0824074074074074 0.0375
1 0.33240740740740743 0.4041666666666667 0.05462962962962963 0.022916666666666665
1 0.23148148148148148 0.3890625 0.09907407407407408 0.04583333333333333
