1 0.23307291666666666 0.5254629629629629 0.091796875 0.1076388888888889
1 0.2610677083333333 0.6979166666666666 0.07682291666666667 0.11342592592592593
1 0.21614583333333334 0.8055555555555556 0.06575520833333333 0.12268518518518519
1 0.19986979166666666 0.9826388888888888 0.08919270833333333 0.034722222222222224
1 0.3430989583333333 0.9236111111111112 0.12239583333333333 0.10416666666666667
1 0.4069010416666667 0.7395833333333334 0.08919270833333333 0.15046296296296297
1 0.4518229166666667 0.6111111111111112 0.11848958333333333 0.10648148148148148
1 0.4420572916666667 0.4270833333333333 0.06315104166666667 0.07523148148148148
1 0.521484375 0.3773148148148148 0.09635416666666667 0.11574074074074074
1 0.63671875 0.4664351851851852 0.07291666666666667 0.07175925925925926
1 0.7819010416666666 0.41203703703703703 0.055338541666666664 0.12384259259259259
1 0.9739583333333334 0.35648148148148145 0.0390625 0.0798611111111111
1 0.6276041666666666 0.6712962962962963 0.07486979166666667 0.0798611111111111
1 0.7259114583333334 0.6481481481481481 0.055338541666666664 0.07060185185185185
1 0.8723958333333334 0.65625 0.09830729166666667 0.046296296296296294
1 0.900390625 0.5462962962962963 0.0703125 0.13541666666666666
1 0.9817708333333334 0.48148148148148145 0.036458333333333336 0.07407407407407407
1 0.9986979166666666 0.9884259259259259 0.001953125 0.023148148148148147
1 0.9361979166666666 0.9745370370370371 0.053385416666666664 0.04976851851851852
1 0.8170572916666666 0.9340277777777778 0.029947916666666668 0.1284722222222222
1 0.6881510416666666 0.9606481481481481 0.033203125 0.0775462962962963
1 0.6263020833333334 0.8368055555555556 0.061848958333333336 0.0775462962962963
1 0.8359375 0.7546296296296297 0.046875 0.10300925925925926
1 0.5052083333333334 0.8344907407407407 0.028645833333333332 0.06828703703703703
1 0.486328125 0.9490740740740741 0.057291666666666664 0.10069444444444445
