1 0.446875 0.37592592592592594 0.0296875 0.10092592592592593
1 0.5723958333333333 0.4287037037037037 0.0609375 0.06388888888888888
1 0.9447916666666667 0.45185185185185184 0.034895833333333334 0.11481481481481481
1 0.6421875 0.6342592592592593 0.024479166666666666 0.12129629629629629
1 0.6447916666666667 0.850925925925926 0.058854166666666666 0.08796296296296297
1 0.253125 0.637962962962963 0.018229166666666668 0.08981481481481482
1 0.203125 0.9064814814814814 0.06979166666666667 0.09259259259259259
0 0.22447916666666667 0.42777777777777776 0.035416666666666666 0.05925925925925926
0 0.15416666666666667 0.7287037037037037 0.035416666666666666 0.05462962962962963
0 0.3765625 0.700925925925926 0.090625 0.1527777777777778
0 0.4984375 0.8287037037037037 0.04895833333333333 0.0962962962962963
0 0.7229166666666667 0.7185185185185186 0.0671875 0.12129629629629629
0 0.6822916666666666 0.4361111111111111 0.052083333333333336 0.10092592592592593
0 0.7421875 0.3638888888888889 0.06145833333333333 0.14537037037037037
0 0.83125 0.38981481481481484 0.0578125 0.08055555555555556
0 0.8822916666666667 0.5425925925925926 0.04114583333333333 0.09444444444444444
0 0.85625 0.9601851851851851 0.042708333333333334 0.07685185185185185
0 0.3234375 0.3861111111111111 0.03229166666666667 0.05740740740740741
