1 0.6240740740740741 0.4473958333333333 0.10185185185185185 0.030208333333333334
1 0.5712962962962963 0.5729166666666666 0.06481481481481481 0.06145833333333333
1 0.5481481481481482 0.9453125 0.11574074074074074 0.035416666666666666
1 0.36574074074074076 0.6427083333333333 0.12222222222222222 0.025
1 0.14907407407407408 0.6453125 0.08888888888888889 0.059375
1 0.36203703703703705 0.25364583333333335 0.09074074074074075 0.01875
1 0.09351851851851851 0.203125 0.09351851851851851 0.0703125
0 0.5722222222222222 0.22447916666666667 0.06018518518518518 0.0359375
0 0.2712962962962963 0.15416666666666667 0.05555555555555555 0.0359375
0 0.29907407407407405 0.3765625 0.1537037037037037 0.09114583333333333
0 0.1712962962962963 0.4984375 0.09722222222222222 0.049479166666666664
0 0.2814814814814815 0.7234375 0.12222222222222222 0.06770833333333333
0 0.5638888888888889 0.6822916666666666 0.10185185185185185 0.05260416666666667
0 0.6361111111111111 0.7421875 0.14629629629629629 0.06197916666666667
0 0.6101851851851852 0.8317708333333333 0.08148148148148149 0.058333333333333334
0 0.45740740740740743 0.8828125 0.09537037037037037 0.041666666666666664
0 0.03981481481481482 0.85625 0.07777777777777778 0.043229166666666666
0 0.6138888888888889 0.3234375 0.058333333333333334 0.0328125
