1 0.5592447916666666 0.4710648148148148 0.037760416666666664 0.12731481481481483
1 0.7161458333333334 0.5370370370370371 0.07682291666666667 0.08101851851851852
1 0.8033854166666666 0.7939814814814815 0.03125 0.1527777777777778
1 0.3170572916666667 0.7986111111111112 0.0234375 0.11342592592592593
0 0.2805989583333333 0.5347222222222222 0.044921875 0.07523148148148148
0 0.19270833333333334 0.9120370370370371 0.044921875 0.06944444444444445
0 0.470703125 0.8773148148148148 0.11393229166666667 0.19212962962962962
0 0.623046875 0.9872685185185185 0.061848958333333336 0.024305555555555556
0 0.904296875 0.8993055555555556 0.08463541666666667 0.1527777777777778
0 0.8528645833333334 0.5462962962962963 0.06575520833333333 0.12731481481481483
0 0.927734375 0.45601851851851855 0.07747395833333333 0.18287037037037038
0 0.404296875 0.4826388888888889 0.041015625 0.07291666666666667
