1 0.221875 0.08425925925925926 0.03125 0.11851851851851852
1 0.25625 0.25 0.027083333333333334 0.13703703703703704
1 0.36354166666666665 0.20092592592592592 0.0703125 0.062037037037037036
1 0.3859375 0.03425925925925926 0.0203125 0.06851851851851852
1 0.5515625 0.19722222222222222 0.04479166666666667 0.09814814814814815
1 0.55 0.5833333333333334 0.0203125 0.1361111111111111
1 0.4421875 0.5277777777777778 0.0546875 0.1425925925925926
1 0.31197916666666664 0.5166666666666667 0.022395833333333334 0.1574074074074074
1 0.21979166666666666 0.45740740740740743 0.08697916666666666 0.041666666666666664
1 0.9614583333333333 0.07777777777777778 0.020833333333333332 0.10648148148148148
1 0.9828125 0.2777777777777778 0.0328125 0.023148148148148147
