1 0.9157407407407407 0.221875 0.11944444444444445 0.03177083333333333
1 0.75 0.25625 0.13796296296296295 0.027604166666666666
1 0.799074074074074 0.3640625 0.06296296296296296 0.07083333333333333
1 0.9657407407407408 0.38645833333333335 0.06851851851851852 0.020833333333333332
1 0.8027777777777778 0.5515625 0.09907407407407408 0.0453125
1 0.4166666666666667 0.5505208333333333 0.13703703703703704 0.020833333333333332
1 0.4722222222222222 0.4427083333333333 0.14351851851851852 0.05520833333333333
1 0.48333333333333334 0.3125 0.15833333333333333 0.022916666666666665
1 0.5425925925925926 0.2203125 0.04259259259259259 0.0875
1 0.9222222222222223 0.9614583333333333 0.10740740740740741 0.021354166666666667
1 0.7222222222222222 0.9833333333333333 0.024074074074074074 0.03333333333333333
