0 0.35572916666666665 0.9648148148148148 0.03697916666666667 0.06574074074074074
0 0.884375 0.5296296296296297 0.046875 0.09351851851851851
0 0.359375 0.23703703703703705 0.04479166666666667 0.10092592592592593
0 0.5411458333333333 0.4027777777777778 0.03333333333333333 0.06018518518518518
0 0.4739583333333333 0.9203703703703704 0.035416666666666666 0.05648148148148148
0 0.6484375 0.5666666666666667 0.0296875 0.05462962962962963
0 0.8390625 0.37407407407407406 0.0296875 0.046296296296296294
0 0.5854166666666667 0.21203703703703702 0.09322916666666667 0.09722222222222222
0 0.5885416666666666 0.4462962962962963 0.03333333333333333 0.05925925925925926
0 0.7151041666666667 0.2222222222222222 0.034895833333333334 0.0712962962962963
