0 0.03518518518518519 0.35625 0.06666666666666667 0.0375
0 0.4703703703703704 0.884375 0.09444444444444444 0.04739583333333333
0 0.762962962962963 0.359375 0.10185185185185185 0.0453125
0 0.5972222222222222 0.5411458333333333 0.06111111111111111 0.033854166666666664
0 0.07962962962962963 0.4739583333333333 0.05740740740740741 0.0359375
0 0.43333333333333335 0.6489583333333333 0.05555555555555555 0.030208333333333334
0 0.6259259259259259 0.8395833333333333 0.04722222222222222 0.030208333333333334
0 0.787962962962963 0.5859375 0.09814814814814815 0.09375
0 0.5537037037037037 0.5885416666666666 0.06018518518518518 0.033854166666666664
0 0.7777777777777778 0.715625 0.07222222222222222 0.035416666666666666
