1 0.5651041666666666 0.5814814814814815 0.07135416666666666 0.09907407407407408
1 0.42552083333333335 0.8861111111111111 0.084375 0.1
1 0.7703125 0.35185185185185186 0.0578125 0.10277777777777777
1 0.8322916666666667 0.49444444444444446 0.042708333333333334 0.12777777777777777
1 0.40989583333333335 0.5972222222222222 0.03697916666666667 0.1398148148148148
1 0.39791666666666664 0.18425925925925926 0.06614583333333333 0.06666666666666667
1 0.4557291666666667 0.4842592592592593 0.0703125 0.16203703703703703
1 0.3828125 0.38425925925925924 0.0328125 0.12685185185185185
1 0.8880208333333334 0.7509259259259259 0.0875 0.08888888888888889
1 0.5963541666666666 0.25092592592592594 0.041666666666666664 0.09074074074074075
1 0.6875 0.774074074074074 0.051041666666666666 0.1814814814814815
1 0.46927083333333336 0.049074074074074076 0.050520833333333334 0.06944444444444445
1 0.7192708333333333 0.05 0.034375 0.10092592592592593
1 0.8338541666666667 0.032407407407407406 0.034895833333333334 0.06574074074074074
1 0.7020833333333333 0.9527777777777777 0.022395833333333334 0.09259259259259259
1 0.5302083333333333 0.9740740740740741 0.04010416666666667 0.05092592592592592
