1 0.70703125 0.7280092592592593 0.08984375 0.125
1 0.9635416666666666 0.4409722222222222 0.07291666666666667 0.12962962962962962
1 0.5130208333333334 0.7476851851851852 0.046875 0.17592592592592593
1 0.498046875 0.23032407407407407 0.08333333333333333 0.08449074074074074
1 0.5703125 0.6064814814814815 0.08854166666666667 0.2037037037037037
1 0.4791666666666667 0.48148148148148145 0.041666666666666664 0.1597222222222222
1 0.7454427083333334 0.3136574074074074 0.052734375 0.11458333333333333
1 0.859375 0.9270833333333334 0.064453125 0.14583333333333334
1 0.5872395833333334 0.0625 0.06380208333333333 0.08796296296296297
1 0.8990885416666666 0.06365740740740741 0.043619791666666664 0.12731481481481483
