1 0.4185185185185185 0.565625 0.1 0.071875
1 0.11388888888888889 0.42552083333333335 0.10092592592592593 0.08489583333333334
1 0.6481481481481481 0.7708333333333334 0.1037037037037037 0.058333333333333334
1 0.5055555555555555 0.8322916666666667 0.1287037037037037 0.043229166666666666
1 0.4027777777777778 0.41041666666666665 0.14074074074074075 0.0375
1 0.8157407407407408 0.3984375 0.06759259259259259 0.06666666666666667
1 0.5157407407407407 0.45625 0.16296296296296298 0.07083333333333333
1 0.6157407407407407 0.38333333333333336 0.12777777777777777 0.03333333333333333
1 0.2490740740740741 0.8880208333333334 0.08981481481481482 0.08802083333333334
1 0.7490740740740741 0.5963541666666666 0.09166666666666666 0.0421875
1 0.22592592592592592 0.6875 0.1824074074074074 0.0515625
1 0.950925925925926 0.46979166666666666 0.07037037037037037 0.051041666666666666
1 0.9490740740740741 0.7192708333333333 0.10092592592592593 0.034895833333333334
1 0.9666666666666667 0.834375 0.06574074074074074 0.035416666666666666
1 0.04722222222222222 0.7026041666666667 0.09351851851851851 0.022916666666666665
1 0.025925925925925925 0.5307291666666667 0.05092592592592592 0.040625
