0 0.8390625 0.762962962962963 0.08802083333333334 0.18981481481481483
0 0.684375 0.18518518518518517 0.07395833333333333 0.14629629629629629
0 0.8901041666666667 0.43333333333333335 0.07395833333333333 0.16203703703703703
0 0.5520833333333334 0.28703703703703703 0.0765625 0.1287037037037037
0 0.6182291666666667 0.575925925925926 0.1 0.17685185185185184
0 0.46979166666666666 0.8675925925925926 0.0765625 0.16574074074074074
0 0.6291666666666667 0.9101851851851852 0.08854166666666667 0.1398148148148148
0 0.79375 0.44074074074074077 0.0671875 0.14722222222222223
0 0.809375 0.17037037037037037 0.058333333333333334 0.10648148148148148
0 0.9557291666666666 0.8527777777777777 0.08697916666666666 0.14166666666666666
0 0.9770833333333333 0.6138888888888889 0.044270833333333336 0.1111111111111111
1 0.9625 0.2962962962962963 0.07395833333333333 0.06296296296296296
0 0.5755208333333334 0.022222222222222223 0.04114583333333333 0.04351851851851852
1 0.7244791666666667 0.049074074074074076 0.027604166666666666 0.09907407407407408
