0 0.23703703703703705 0.8395833333333333 0.19074074074074074 0.08854166666666667
0 0.8148148148148148 0.684375 0.14722222222222223 0.07447916666666667
0 0.5666666666666667 0.8901041666666667 0.16296296296296298 0.07447916666666667
0 0.7129629629629629 0.5526041666666667 0.12962962962962962 0.07708333333333334
0 0.42407407407407405 0.6182291666666667 0.17777777777777778 0.10052083333333334
0 0.13240740740740742 0.4703125 0.16666666666666666 0.07708333333333334
0 0.08981481481481482 0.6291666666666667 0.14074074074074075 0.0890625
0 0.5592592592592592 0.7942708333333334 0.14814814814814814 0.06770833333333333
0 0.8296296296296296 0.809375 0.10740740740740741 0.058854166666666666
0 0.14722222222222223 0.95625 0.1425925925925926 0.0875
0 0.3861111111111111 0.9776041666666667 0.11203703703703703 0.04479166666666667
1 0.7037037037037037 0.9625 0.06388888888888888 0.07447916666666667
0 0.9777777777777777 0.5760416666666667 0.044444444444444446 0.041666666666666664
1 0.95 0.725 0.09907407407407408 0.028125
