0 0.6768518518518518 0.9447916666666667 0.10833333333333334 0.06510416666666667
0 0.8740740740740741 0.8921875 0.09351851851851851 0.05416666666666667
0 0.22777777777777777 0.9609375 0.10092592592592593 0.06770833333333333
0 0.8962962962962963 0.5104166666666666 0.10277777777777777 0.044270833333333336
0 0.45185185185185184 0.9557291666666666 0.1 0.0671875
0 0.31296296296296294 0.5203125 0.10648148148148148 0.06979166666666667
0 0.9435185185185185 0.9776041666666667 0.1037037037037037 0.04479166666666667
0 0.48055555555555557 0.840625 0.12314814814814815 0.05520833333333333
0 0.36574074074074076 0.3770833333333333 0.1037037037037037 0.0734375
0 0.43796296296296294 0.28072916666666664 0.11018518518518519 0.0734375
0 0.4935185185185185 0.18229166666666666 0.10185185185185185 0.0703125
0 0.8712962962962963 0.10208333333333333 0.11851851851851852 0.06927083333333334
1 0.7074074074074074 0.33177083333333335 0.08518518518518518 0.04895833333333333
1 0.5203703703703704 0.37083333333333335 0.10740740740740741 0.0546875
1 0.7203703703703703 0.5067708333333333 0.07592592592592592 0.06614583333333333
