0 0.9447916666666667 0.32314814814814813 0.06458333333333334 0.10740740740740741
0 0.8916666666666667 0.1259259259259259 0.05364583333333333 0.09259259259259259
0 0.9604166666666667 0.7722222222222223 0.0671875 0.1
0 0.5104166666666666 0.1037037037037037 0.04375 0.10185185185185185
0 0.9557291666666666 0.5481481481481482 0.06666666666666667 0.09907407407407408
0 0.5197916666666667 0.687037037037037 0.06927083333333334 0.10555555555555556
0 0.9770833333333333 0.05648148148148148 0.044270833333333336 0.10277777777777777
0 0.8401041666666667 0.5194444444444445 0.0546875 0.12222222222222222
0 0.3770833333333333 0.6342592592592593 0.07291666666666667 0.10277777777777777
0 0.28072916666666664 0.562037037037037 0.07291666666666667 0.10925925925925926
0 0.18229166666666666 0.5064814814814815 0.06979166666666667 0.10092592592592593
0 0.10208333333333333 0.1287037037037037 0.06875 0.1175925925925926
1 0.33125 0.29259259259259257 0.0484375 0.08425925925925926
1 0.37083333333333335 0.47962962962962963 0.05416666666666667 0.10648148148148148
1 0.5067708333333333 0.2796296296296296 0.065625 0.075
