1 0.18125 0.06296296296296296 0.052083333333333336 0.05277777777777778
1 0.3328125 0.10277777777777777 0.059895833333333336 0.06944444444444445
1 0.459375 0.1925925925925926 0.05260416666666667 0.06574074074074074
1 0.5052083333333334 0.2935185185185185 0.027604166666666666 0.09907407407407408
1 0.5328125 0.4759259259259259 0.07552083333333333 0.046296296296296294
1 0.5270833333333333 0.687962962962963 0.021875 0.11388888888888889
1 0.40208333333333335 0.6537037037037037 0.033854166666666664 0.13148148148148148
1 0.30364583333333334 0.35555555555555557 0.0484375 0.06481481481481481
1 0.1703125 0.20833333333333334 0.019270833333333334 0.09259259259259259
1 0.2203125 0.30277777777777776 0.0484375 0.06388888888888888
1 0.19635416666666666 0.36944444444444446 0.0359375 0.08148148148148149
1 0.19166666666666668 0.5638888888888889 0.06770833333333333 0.07777777777777778
1 0.2708333333333333 0.6601851851851852 0.03854166666666667 0.10648148148148148
1 0.9234375 0.17685185185185184 0.0625 0.062037037037037036
1 0.965625 0.7703703703703704 0.04114583333333333 0.0962962962962963
