1 0.937037037037037 0.18125 0.053703703703703705 0.05260416666666667
1 0.8972222222222223 0.3333333333333333 0.07037037037037037 0.06041666666666667
1 0.8074074074074075 0.45989583333333334 0.06666666666666667 0.053125
1 0.7064814814814815 0.5057291666666667 0.1 0.028125
1 0.524074074074074 0.5333333333333333 0.04722222222222222 0.07604166666666666
1 0.31203703703703706 0.5270833333333333 0.11481481481481481 0.022395833333333334
1 0.34629629629629627 0.40260416666666665 0.13240740740740742 0.034375
1 0.6444444444444445 0.30416666666666664 0.06574074074074074 0.04895833333333333
1 0.7916666666666666 0.17083333333333334 0.09351851851851851 0.019791666666666666
1 0.6972222222222222 0.22083333333333333 0.06481481481481481 0.04895833333333333
1 0.6305555555555555 0.196875 0.0824074074074074 0.036458333333333336
1 0.4361111111111111 0.19166666666666668 0.0787037037037037 0.06822916666666666
1 0.3398148148148148 0.2708333333333333 0.10740740740740741 0.0390625
1 0.8231481481481482 0.9234375 0.06296296296296296 0.06302083333333333
1 0.22962962962962963 0.9661458333333334 0.09722222222222222 0.041666666666666664
