1 0.2265625 0.0798611111111111 0.06575520833333333 0.06712962962962964
1 0.4166666666666667 0.12962962962962962 0.07552083333333333 0.08796296296296297
1 0.5748697916666666 0.24189814814814814 0.06640625 0.08333333333333333
1 0.6321614583333334 0.3680555555555556 0.03515625 0.125
1 0.6666666666666666 0.5949074074074074 0.09505208333333333 0.059027777777777776
1 0.6588541666666666 0.8611111111111112 0.027994791666666668 0.14351851851851852
1 0.5032552083333334 0.8171296296296297 0.04296875 0.16550925925925927
1 0.3802083333333333 0.4444444444444444 0.061197916666666664 0.08217592592592593
1 0.21354166666666666 0.2604166666666667 0.024739583333333332 0.11689814814814815
1 0.2760416666666667 0.37962962962962965 0.061197916666666664 0.08101851851851852
1 0.24609375 0.4618055555555556 0.045572916666666664 0.10300925925925926
1 0.23958333333333334 0.7048611111111112 0.08528645833333333 0.09837962962962964
1 0.3385416666666667 0.8263888888888888 0.048828125 0.13425925925925927
