0 0.3796875 0.08518518518518518 0.06822916666666666 0.09907407407407408
0 0.24375 0.06574074074074074 0.0640625 0.11481481481481481
0 0.2453125 0.5962962962962963 0.06302083333333333 0.10462962962962963
0 0.29270833333333335 0.9101851851851852 0.0375 0.08333333333333333
1 0.8927083333333333 0.7712962962962963 0.05416666666666667 0.07777777777777778
0 0.43697916666666664 0.7379629629629629 0.058854166666666666 0.09166666666666666
1 0.37864583333333335 0.9296296296296296 0.0578125 0.058333333333333334
0 0.9197916666666667 0.07037037037037037 0.06197916666666667 0.11296296296296296
0 0.8927083333333333 0.4166666666666667 0.07083333333333333 0.09351851851851851
0 0.9348958333333334 0.5814814814814815 0.059375 0.10555555555555556
0 0.6020833333333333 0.5138888888888888 0.0703125 0.10740740740740741
0 0.2296875 0.7666666666666667 0.09166666666666666 0.13240740740740742
0 0.934375 0.25925925925925924 0.0484375 0.09444444444444444
0 0.9729166666666667 0.35555555555555557 0.052083333333333336 0.09166666666666666
1 0.5098958333333333 0.937962962962963 0.030208333333333334 0.09814814814814815
0 0.9875 0.7407407407407407 0.022395833333333334 0.08518518518518518
1 0.26666666666666666 0.362962962962963 0.06510416666666667 0.08333333333333333
1 0.9703125 0.8203703703703704 0.0328125 0.053703703703703705
0 0.98125 0.5953703703703703 0.035416666666666666 0.10648148148148148
1 0.36614583333333334 0.18981481481481483 0.030208333333333334 0.07685185185185185
