0 0.9148148148148149 0.3802083333333333 0.1 0.06875
0 0.9342592592592592 0.24427083333333333 0.11574074074074074 0.06458333333333334
0 0.40370370370370373 0.24583333333333332 0.10555555555555556 0.06354166666666666
0 0.08981481481481482 0.29270833333333335 0.08425925925925926 0.03802083333333333
1 0.22870370370370371 0.8927083333333333 0.0787037037037037 0.0546875
0 0.262037037037037 0.4375 0.09259259259259259 0.059375
1 0.07037037037037037 0.37916666666666665 0.05925925925925926 0.058333333333333334
0 0.9296296296296296 0.9203125 0.11388888888888889 0.0625
0 0.5833333333333334 0.8927083333333333 0.09444444444444444 0.07135416666666666
0 0.4185185185185185 0.9348958333333334 0.10648148148148148 0.059895833333333336
0 0.4861111111111111 0.6026041666666667 0.10833333333333334 0.07083333333333333
0 0.23333333333333334 0.2296875 0.13333333333333333 0.0921875
0 0.7407407407407407 0.9348958333333334 0.09537037037037037 0.04895833333333333
0 0.6444444444444445 0.9729166666666667 0.09259259259259259 0.05260416666666667
1 0.062037037037037036 0.5098958333333333 0.09907407407407408 0.030729166666666665
0 0.25925925925925924 0.9880208333333333 0.08611111111111111 0.022916666666666665
1 0.6370370370370371 0.2671875 0.08425925925925926 0.065625
1 0.17962962962962964 0.9708333333333333 0.05462962962962963 0.03333333333333333
0 0.4046296296296296 0.98125 0.10740740740740741 0.0359375
1 0.8101851851851852 0.36614583333333334 0.07777777777777778 0.030729166666666665
