0 0.7268518518518519 0.4041666666666667 0.13796296296296295 0.08020833333333334
0 0.5962962962962963 0.2625 0.10925925925925926 0.0796875
0 0.32037037037037036 0.421875 0.09722222222222222 0.06302083333333333
1 0.33240740740740743 0.5119791666666667 0.12685185185185185 0.043229166666666666
1 0.812037037037037 0.18020833333333333 0.06481481481481481 0.07552083333333333
1 0.7805555555555556 0.9619791666666667 0.075 0.0453125
1 0.4648148148148148 0.34791666666666665 0.07314814814814814 0.06666666666666667
0 0.875 0.44166666666666665 0.12407407407407407 0.04895833333333333
1 0.262037037037037 0.22604166666666667 0.10092592592592593 0.07291666666666667
1 0.837037037037037 0.903125 0.09444444444444444 0.020833333333333332
0 0.28055555555555556 0.9505208333333334 0.044444444444444446 0.042708333333333334
1 0.6657407407407407 0.9307291666666667 0.10925925925925926 0.027604166666666666
1 0.9740740740740741 0.32447916666666665 0.05185185185185185 0.04739583333333333
1 0.46111111111111114 0.9328125 0.04722222222222222 0.059375
