0 0.4036458333333333 0.27314814814814814 0.0796875 0.13703703703703704
0 0.2625 0.40370370370370373 0.07916666666666666 0.10833333333333334
0 0.421875 0.6796296296296296 0.0625 0.0962962962962963
1 0.5119791666666667 0.6675925925925926 0.042708333333333334 0.1259259259259259
1 0.18020833333333333 0.18796296296296297 0.075 0.06388888888888888
1 0.9619791666666667 0.21944444444444444 0.04479166666666667 0.07407407407407407
1 0.34739583333333335 0.5351851851851852 0.06614583333333333 0.07222222222222222
0 0.44114583333333335 0.125 0.0484375 0.12314814814814815
1 0.22552083333333334 0.7379629629629629 0.07239583333333334 0.1
1 0.9026041666666667 0.16296296296296298 0.0203125 0.09351851851851851
0 0.95 0.7194444444444444 0.0421875 0.04351851851851852
1 0.9307291666666667 0.33425925925925926 0.027083333333333334 0.10833333333333334
1 0.32447916666666665 0.025925925925925925 0.046875 0.05185185185185185
1 0.9322916666666666 0.5388888888888889 0.058854166666666666 0.046296296296296294
