1 0.6509259259259259 0.9177083333333333 0.07777777777777778 0.052083333333333336
1 0.2851851851851852 0.9661458333333334 0.1175925925925926 0.022916666666666665
0 0.2657407407407407 0.45208333333333334 0.09259259259259259 0.06197916666666667
1 0.7564814814814815 0.20833333333333334 0.07037037037037037 0.058854166666666666
0 0.6703703703703704 0.4088541666666667 0.15185185185185185 0.07604166666666666
1 0.5333333333333333 0.8973958333333333 0.1037037037037037 0.021354166666666667
1 0.32592592592592595 0.5114583333333333 0.1111111111111111 0.028125
1 0.4212962962962963 0.35260416666666666 0.053703703703703705 0.05260416666666667
1 0.9055555555555556 0.9213541666666667 0.04537037037037037 0.04583333333333333
1 0.8435185185185186 0.8635416666666667 0.04259259259259259 0.04479166666666667
1 0.23425925925925925 0.24375 0.1 0.033854166666666664
1 0.5731481481481482 0.9890625 0.05740740740740741 0.021354166666666667
1 0.35 0.8973958333333333 0.05462962962962963 0.0609375
1 0.6944444444444444 0.8697916666666666 0.08703703703703704 0.021354166666666667
1 0.9666666666666667 0.8614583333333333 0.06574074074074074 0.0375
1 0.9629629629629629 0.321875 0.07314814814814814 0.041666666666666664
