1 0.9171875 0.3490740740740741 0.0515625 0.07685185185185185
1 0.965625 0.7148148148148148 0.022395833333333334 0.11666666666666667
0 0.45208333333333334 0.7342592592592593 0.06145833333333333 0.09166666666666666
1 0.20833333333333334 0.24351851851851852 0.058333333333333334 0.06944444444444445
0 0.4083333333333333 0.3296296296296296 0.07552083333333333 0.15092592592592594
1 0.8973958333333333 0.4666666666666667 0.020833333333333332 0.10277777777777777
1 0.5109375 0.674074074074074 0.027604166666666666 0.11018518518518519
1 0.35260416666666666 0.5787037037037037 0.052083333333333336 0.05277777777777778
1 0.9208333333333333 0.09444444444444444 0.0453125 0.044444444444444446
1 0.8630208333333333 0.15648148148148147 0.044270833333333336 0.041666666666666664
1 0.24375 0.7657407407407407 0.03333333333333333 0.09907407407407408
1 0.9890625 0.42685185185185187 0.020833333333333332 0.05648148148148148
1 0.8973958333333333 0.65 0.06041666666666667 0.053703703703703705
1 0.8697916666666666 0.3055555555555556 0.020833333333333332 0.08611111111111111
1 0.8609375 0.032407407407407406 0.03697916666666667 0.06574074074074074
1 0.32135416666666666 0.03611111111111111 0.04114583333333333 0.07314814814814814
