0 0.9322916666666666 0.6423611111111112 0.07747395833333333 0.18055555555555555
0 0.8548177083333334 0.7303240740740741 0.0625 0.11458333333333333
0 0.470703125 0.9837962962962963 0.115234375 0.032407407407407406
1 0.712890625 0.7222222222222222 0.076171875 0.07060185185185185
1 0.3170572916666667 0.9618055555555556 0.026041666666666668 0.0763888888888889
1 0.5572916666666666 0.6504629629629629 0.037109375 0.12962962962962962
0 0.2825520833333333 0.7222222222222222 0.037760416666666664 0.06944444444444445
1 0.8020833333333334 0.9525462962962963 0.02734375 0.09375
0 0.4069010416666667 0.6655092592592593 0.037760416666666664 0.06944444444444445
1 0.779296875 0.037037037037037035 0.032552083333333336 0.06712962962962964
