0 0.13333333333333333 0.7239583333333334 0.1259259259259259 0.06822916666666666
0 0.48703703703703705 0.7458333333333333 0.14444444444444443 0.06197916666666667
0 0.41574074074074074 0.6838541666666667 0.09166666666666666 0.05
1 0.4 0.9494791666666667 0.10648148148148148 0.03177083333333333
0 0.4638888888888889 0.8338541666666667 0.09074074074074075 0.059895833333333336
0 0.15092592592592594 0.3765625 0.15092592592592594 0.0921875
1 0.4222222222222222 0.5703125 0.05648148148148148 0.0609375
1 0.21851851851851853 0.25364583333333335 0.08611111111111111 0.020833333333333332
0 0.3074074074074074 0.8817708333333333 0.09814814814814815 0.04114583333333333
1 0.48055555555555557 0.44583333333333336 0.1037037037037037 0.0296875
0 0.42314814814814816 0.22604166666666667 0.05555555555555555 0.030208333333333334
1 0.2175925925925926 0.6416666666666667 0.11666666666666667 0.021875
0 0.4685185185185185 0.3255208333333333 0.05555555555555555 0.030208333333333334
0 0.12314814814814815 0.1546875 0.06296296296296296 0.0359375
1 0.9564814814814815 0.9833333333333333 0.06296296296296296 0.03125
1 0.9712962962962963 0.6234375 0.053703703703703705 0.026041666666666668
0 0.027777777777777776 0.49947916666666664 0.05462962962962963 0.05260416666666667
