0 0.7239583333333334 0.8666666666666667 0.06770833333333333 0.125
0 0.7458333333333333 0.512962962962963 0.06145833333333333 0.14351851851851852
0 0.6833333333333333 0.5842592592592593 0.049479166666666664 0.09074074074074075
1 0.9494791666666667 0.6 0.03125 0.10555555555555556
0 0.8338541666666667 0.5361111111111111 0.059375 0.08981481481481482
0 0.3765625 0.8490740740740741 0.09166666666666666 0.15
1 0.5703125 0.5777777777777777 0.06041666666666667 0.05555555555555555
1 0.253125 0.7814814814814814 0.0203125 0.08518518518518518
0 0.8817708333333333 0.6925925925925925 0.040625 0.09722222222222222
1 0.44583333333333336 0.5194444444444445 0.029166666666666667 0.10277777777777777
0 0.22552083333333334 0.5768518518518518 0.0296875 0.05462962962962963
1 0.6411458333333333 0.7824074074074074 0.021354166666666667 0.11574074074074074
0 0.325 0.5314814814814814 0.0296875 0.05462962962962963
0 0.1546875 0.8768518518518519 0.035416666666666666 0.062037037037037036
1 0.9828125 0.04351851851851852 0.030729166666666665 0.062037037037037036
1 0.6229166666666667 0.028703703703703703 0.025520833333333333 0.05277777777777778
0 0.49947916666666664 0.9722222222222222 0.052083333333333336 0.053703703703703705
