1 0.6881510416666666 0.43171296296296297 0.061197916666666664 0.11574074074074074
1 0.5514322916666666 0.8356481481481481 0.057942708333333336 0.1736111111111111
1 0.24609375 0.09259259259259259 0.076171875 0.06365740740740741
1 0.3177083333333333 0.4988425925925926 0.026692708333333332 0.1701388888888889
1 0.2766927083333333 0.2916666666666667 0.0390625 0.14583333333333334
1 0.6861979166666666 0.9120370370370371 0.026692708333333332 0.17476851851851852
1 0.4830729166666667 0.21180555555555555 0.022786458333333332 0.11458333333333333
1 0.455078125 0.4351851851851852 0.09049479166666667 0.07175925925925926
1 0.3893229166666667 0.8240740740740741 0.024739583333333332 0.19212962962962962
1 0.2779947916666667 0.7546296296296297 0.11002604166666667 0.05092592592592592
1 0.6751302083333334 0.03819444444444445 0.035807291666666664 0.0775462962962963
