1 0.55 0.34444444444444444 0.0484375 0.09166666666666666
1 0.9604166666666667 0.22592592592592592 0.0296875 0.11203703703703703
1 0.44114583333333335 0.6675925925925926 0.04583333333333333 0.13796296296296295
1 0.196875 0.07407407407407407 0.06041666666666667 0.05
1 0.25416666666666665 0.3990740740740741 0.020833333333333332 0.13518518518518519
1 0.22083333333333333 0.2324074074074074 0.030729166666666665 0.11574074074074074
1 0.5489583333333333 0.7314814814814815 0.020833333333333332 0.14351851851851852
1 0.38645833333333335 0.16944444444444445 0.017708333333333333 0.09074074074074075
1 0.3640625 0.3472222222222222 0.071875 0.05648148148148148
1 0.3109375 0.6583333333333333 0.019270833333333334 0.1527777777777778
1 0.9765625 0.4425925925925926 0.0453125 0.08611111111111111
1 0.22239583333333332 0.6027777777777777 0.0875 0.03981481481481482
1 0.5401041666666667 0.030555555555555555 0.028125 0.06111111111111111
