1 0.6555555555555556 0.5505208333333333 0.09259259259259259 0.04895833333333333
1 0.774074074074074 0.9609375 0.11296296296296296 0.030208333333333334
1 0.33240740740740743 0.44114583333333335 0.1388888888888889 0.04635416666666667
1 0.9259259259259259 0.196875 0.05092592592592592 0.0609375
1 0.600925925925926 0.25416666666666665 0.1361111111111111 0.021354166666666667
1 0.7675925925925926 0.22135416666666666 0.11666666666666667 0.03125
1 0.26851851851851855 0.5489583333333333 0.14444444444444443 0.021354166666666667
1 0.8305555555555556 0.38645833333333335 0.09166666666666666 0.018229166666666668
1 0.6527777777777778 0.3640625 0.05740740740740741 0.07239583333333334
1 0.3416666666666667 0.31145833333333334 0.1537037037037037 0.019791666666666666
1 0.5574074074074075 0.9770833333333333 0.08703703703703704 0.04583333333333333
1 0.3972222222222222 0.22239583333333332 0.040740740740740744 0.08802083333333334
1 0.9694444444444444 0.5401041666666667 0.06111111111111111 0.028645833333333332
