1 0.5208333333333334 0.17592592592592593 0.09244791666666667 0.13657407407407407
1 0.314453125 0.14583333333333334 0.09765625 0.1111111111111111
1 0.2643229166666667 0.24768518518518517 0.06770833333333333 0.1736111111111111
1 0.4147135416666667 0.3923611111111111 0.11393229166666667 0.1099537037037037
1 0.18294270833333334 0.5671296296296297 0.10481770833333333 0.1087962962962963
1 0.365234375 0.5914351851851852 0.12369791666666667 0.1597222222222222
1 0.12239583333333333 0.3263888888888889 0.046875 0.15046296296296297
1 0.564453125 0.41550925925925924 0.07682291666666667 0.08680555555555555
1 0.5416666666666666 0.7615740740740741 0.044921875 0.2199074074074074
1 0.16015625 0.05555555555555555 0.05078125 0.10532407407407407
