1 0.4161458333333333 0.1398148148148148 0.0734375 0.10833333333333334
1 0.8557291666666667 0.25277777777777777 0.0671875 0.07592592592592592
1 0.25104166666666666 0.11574074074074074 0.07760416666666667 0.08796296296296297
1 0.2109375 0.19722222222222222 0.05364583333333333 0.13796296296296295
1 0.33177083333333335 0.3138888888888889 0.090625 0.08703703703703704
0 0.8651041666666667 0.5222222222222223 0.0375 0.06944444444444445
1 0.14635416666666667 0.4527777777777778 0.08333333333333333 0.08611111111111111
1 0.2916666666666667 0.4722222222222222 0.0984375 0.12685185185185185
1 0.09739583333333333 0.2601851851851852 0.03697916666666667 0.11944444444444445
1 0.4510416666666667 0.33240740740740743 0.0609375 0.06851851851851852
0 0.9057291666666667 0.7425925925925926 0.03802083333333333 0.06666666666666667
1 0.43333333333333335 0.6083333333333333 0.035416666666666666 0.175
1 0.12760416666666666 0.044444444444444446 0.04010416666666667 0.08333333333333333
