1 0.8601851851851852 0.4166666666666667 0.10925925925925926 0.07395833333333333
1 0.7472222222222222 0.85625 0.07685185185185185 0.06770833333333333
1 0.8842592592592593 0.2515625 0.08888888888888889 0.078125
1 0.8027777777777778 0.21145833333333333 0.1388888888888889 0.05416666666666667
1 0.6861111111111111 0.33177083333333335 0.08796296296296297 0.09114583333333333
0 0.4777777777777778 0.8651041666666667 0.07037037037037037 0.03802083333333333
1 0.5472222222222223 0.14635416666666667 0.08703703703703704 0.08385416666666666
1 0.5277777777777778 0.2921875 0.12777777777777777 0.09895833333333333
1 0.7398148148148148 0.09791666666666667 0.12037037037037036 0.0375
1 0.6675925925925926 0.4515625 0.06944444444444445 0.06145833333333333
0 0.2574074074074074 0.90625 0.06759259259259259 0.03854166666666667
1 0.39166666666666666 0.43333333333333335 0.17592592592592593 0.0359375
1 0.9555555555555556 0.128125 0.08425925925925926 0.040625
