0 0.2942708333333333 0.6259259259259259 0.049479166666666664 0.11574074074074074
0 0.5401041666666667 0.5324074074074074 0.05572916666666667 0.07962962962962963
0 0.3333333333333333 0.825 0.0609375 0.12962962962962962
1 0.7682291666666666 0.5824074074074074 0.04635416666666667 0.14537037037037037
1 0.7713541666666667 0.8629629629629629 0.035416666666666666 0.07777777777777778
1 0.6427083333333333 0.7361111111111112 0.0609375 0.05740740740740741
1 0.8432291666666667 0.6231481481481481 0.07447916666666667 0.05462962962962963
0 0.24010416666666667 0.9175925925925926 0.059895833333333336 0.11203703703703703
1 0.6411458333333333 0.9064814814814814 0.03854166666666667 0.05185185185185185
1 0.9375 0.8490740740740741 0.040625 0.03518518518518519
