0 0.37407407407407406 0.2947916666666667 0.11666666666666667 0.05
0 0.4675925925925926 0.540625 0.08055555555555556 0.05625
0 0.175 0.3338541666666667 0.13055555555555556 0.06145833333333333
1 0.41759259259259257 0.76875 0.14629629629629629 0.046875
1 0.13703703703703704 0.7713541666666667 0.0787037037037037 0.0359375
1 0.2638888888888889 0.6432291666666666 0.058333333333333334 0.06145833333333333
1 0.3768518518518518 0.84375 0.05555555555555555 0.075
0 0.0824074074074074 0.240625 0.11296296296296296 0.06041666666666667
1 0.09351851851851851 0.6411458333333333 0.05277777777777778 0.0390625
1 0.15092592592592594 0.9375 0.03611111111111111 0.04114583333333333
