1 0.7722222222222223 0.4192708333333333 0.14907407407407408 0.058333333333333334
1 0.8787037037037037 0.8302083333333333 0.12777777777777777 0.04479166666666667
1 0.325 0.8854166666666666 0.15648148148148147 0.043229166666666666
1 0.37777777777777777 0.7078125 0.16944444444444445 0.04114583333333333
1 0.787962962962963 0.5651041666666666 0.10462962962962963 0.06822916666666666
1 0.4842592592592593 0.425 0.1111111111111111 0.084375
1 0.8861111111111111 0.4552083333333333 0.15555555555555556 0.0703125
1 0.35462962962962963 0.5322916666666667 0.14629629629629629 0.04739583333333333
1 0.6185185185185185 0.890625 0.09351851851851851 0.08802083333333334
1 0.9601851851851851 0.38125 0.07962962962962963 0.033854166666666664
