1 0.41875 0.22777777777777777 0.0578125 0.14814814814814814
1 0.8296875 0.12129629629629629 0.044270833333333336 0.12685185185185185
1 0.8854166666666666 0.675 0.042708333333333334 0.15555555555555556
1 0.7078125 0.6222222222222222 0.040625 0.1685185185185185
1 0.5651041666666666 0.21203703703703702 0.06770833333333333 0.1037037037037037
1 0.4244791666666667 0.5157407407407407 0.08385416666666666 0.11018518518518519
1 0.4552083333333333 0.11388888888888889 0.06979166666666667 0.15462962962962962
1 0.5322916666666667 0.6453703703703704 0.046875 0.14537037037037037
1 0.890625 0.3814814814814815 0.0875 0.09259259259259259
1 0.38125 0.03981481481481482 0.03333333333333333 0.07962962962962963
