0 0.8390625 0.39444444444444443 0.0859375 0.19166666666666668
0 0.6302083333333334 0.5416666666666666 0.08802083333333334 0.13796296296296295
0 0.46875 0.4981481481481482 0.075 0.16574074074074074
0 0.8901041666666667 0.07407407407407407 0.07395833333333333 0.14907407407407408
0 0.959375 0.8101851851851852 0.08020833333333334 0.1648148148148148
0 0.9567708333333333 0.4898148148148148 0.084375 0.13796296296296295
0 0.9765625 0.24074074074074073 0.0453125 0.11018518518518519
0 0.6177083333333333 0.19907407407407407 0.09166666666666666 0.18703703703703703
0 0.63125 0.8611111111111112 0.10104166666666667 0.1361111111111111
0 0.79375 0.07685185185185185 0.06979166666666667 0.14166666666666666
0 0.8041666666666667 0.8472222222222222 0.08541666666666667 0.12962962962962962
