0 0.6055555555555555 0.8395833333333333 0.1925925925925926 0.08645833333333333
0 0.4583333333333333 0.6307291666666667 0.1388888888888889 0.08854166666666667
0 0.5018518518518519 0.46875 0.16666666666666666 0.07552083333333333
0 0.925 0.8901041666666667 0.14907407407407408 0.07447916666666667
0 0.18981481481481483 0.959375 0.16574074074074074 0.08072916666666667
0 0.5101851851851852 0.9567708333333333 0.1388888888888889 0.08489583333333334
0 0.7592592592592593 0.9770833333333333 0.1111111111111111 0.04583333333333333
0 0.8009259259259259 0.6177083333333333 0.18796296296296297 0.0921875
0 0.1388888888888889 0.63125 0.13703703703703704 0.1015625
0 0.9231481481481482 0.79375 0.1425925925925926 0.0703125
0 0.1527777777777778 0.8041666666666667 0.13055555555555556 0.0859375
