0 0.9029947916666666 0.6192129629629629 0.08723958333333333 0.15625
0 0.4680989583333333 0.5960648148148148 0.11328125 0.19328703703703703
0 0.927734375 0.18055555555555555 0.07552083333333333 0.18287037037037038
1 0.31640625 0.5173611111111112 0.026692708333333332 0.11226851851851852
0 0.8561197916666666 0.2662037037037037 0.06380208333333333 0.12731481481481483
1 0.712890625 0.2604166666666667 0.07486979166666667 0.08101851851851852
0 0.623046875 0.7777777777777778 0.06575520833333333 0.09027777777777778
1 0.556640625 0.1863425925925926 0.038411458333333336 0.1284722222222222
0 0.2819010416666667 0.25810185185185186 0.042317708333333336 0.07523148148148148
0 0.4036458333333333 0.2048611111111111 0.044921875 0.07175925925925926
1 0.8033854166666666 0.5150462962962963 0.033854166666666664 0.15162037037037038
1 0.25390625 0.8831018518518519 0.08723958333333333 0.07060185185185185
1 0.8072916666666666 0.8055555555555556 0.076171875 0.04861111111111111
0 0.19466145833333334 0.6331018518518519 0.046223958333333336 0.07291666666666667
