0 0.5046296296296297 0.7223958333333333 0.125 0.06979166666666667
0 0.5231481481481481 0.37447916666666664 0.15462962962962962 0.090625
0 0.6759259259259259 0.8828125 0.10092592592592593 0.04791666666666667
0 0.8564814814814815 0.7421875 0.14629629629629629 0.06041666666666667
0 0.8314814814814815 0.834375 0.09351851851851851 0.0609375
1 0.5861111111111111 0.253125 0.08981481481481482 0.021354166666666667
1 0.7731481481481481 0.9484375 0.11388888888888889 0.03802083333333333
0 0.787962962962963 0.6848958333333334 0.10185185185185185 0.051041666666666666
1 0.7925925925925926 0.5703125 0.06481481481481481 0.059895833333333336
0 0.3787037037037037 0.4984375 0.07222222222222222 0.05260416666666667
1 0.850925925925926 0.4453125 0.10277777777777777 0.030729166666666665
0 0.7935185185185185 0.22552083333333334 0.06018518518518518 0.033854166666666664
0 0.837037037037037 0.3229166666666667 0.05740740740740741 0.0359375
1 0.5879629629629629 0.6427083333333333 0.12129629629629629 0.027083333333333334
1 0.2935185185185185 0.203125 0.05648148148148148 0.06979166666666667
1 0.35648148148148145 0.6458333333333334 0.03888888888888889 0.0609375
0 0.4935185185185185 0.15572916666666667 0.058333333333333334 0.03697916666666667
0 0.25092592592592594 0.8552083333333333 0.10277777777777777 0.052083333333333336
