0 0.721875 0.49537037037037035 0.06927083333333334 0.12407407407407407
0 0.37395833333333334 0.47685185185185186 0.09010416666666667 0.1537037037037037
0 0.8822916666666667 0.32407407407407407 0.04739583333333333 0.1
0 0.7416666666666667 0.14351851851851852 0.059895833333333336 0.14537037037037037
0 0.834375 0.1685185185185185 0.06041666666666667 0.09259259259259259
1 0.253125 0.41388888888888886 0.020833333333333332 0.08888888888888889
1 0.9484375 0.22685185185185186 0.0375 0.11296296296296296
0 0.684375 0.21203703703703702 0.050520833333333334 0.10092592592592593
1 0.5703125 0.2074074074074074 0.059375 0.06388888888888888
0 0.4984375 0.6212962962962963 0.052083333333333336 0.0712962962962963
1 0.4453125 0.14907407407407408 0.030208333333333334 0.10185185185185185
0 0.22552083333333334 0.2064814814814815 0.03333333333333333 0.05925925925925926
0 0.3229166666666667 0.16296296296296298 0.035416666666666666 0.05648148148148148
1 0.6421875 0.41203703703703703 0.0265625 0.12037037037037036
1 0.20260416666666667 0.7064814814814815 0.06927083333333334 0.05555555555555555
1 0.6458333333333334 0.6435185185185185 0.06041666666666667 0.03796296296296296
0 0.15572916666666667 0.5064814814814815 0.036458333333333336 0.05740740740740741
0 0.8546875 0.7490740740740741 0.0515625 0.10185185185185185
