1 0.7708333333333334 0.4925925925925926 0.03854166666666667 0.08333333333333333
0 0.24427083333333333 0.549074074074074 0.06979166666666667 0.11018518518518519
1 0.7692708333333333 0.21203703703703702 0.0453125 0.14444444444444443
0 0.334375 0.4564814814814815 0.0640625 0.1388888888888889
0 0.29375 0.25555555555555554 0.049479166666666664 0.11574074074074074
1 0.971875 0.7148148148148148 0.05364583333333333 0.05185185185185185
0 0.5390625 0.16296296296296298 0.05416666666666667 0.08055555555555556
1 0.6416666666666667 0.37222222222222223 0.059895833333333336 0.058333333333333334
1 0.9385416666666667 0.475 0.044270833333333336 0.03796296296296296
1 0.6411458333333333 0.5361111111111111 0.04114583333333333 0.05555555555555555
1 0.6260416666666667 0.7138888888888889 0.04583333333333333 0.10185185185185185
1 0.84375 0.25277777777777777 0.06875 0.06759259259259259
1 0.8208333333333333 0.725 0.049479166666666664 0.12037037037037036
1 0.7453125 0.7138888888888889 0.020833333333333332 0.09722222222222222
1 0.9015625 0.7592592592592593 0.021875 0.09722222222222222
0 0.43802083333333336 0.6805555555555556 0.052083333333333336 0.16574074074074074
0 0.50625 0.6462962962962963 0.07916666666666666 0.15185185185185185
