1 0.9635416666666666 0.6157407407407407 0.048828125 0.10532407407407407
0 0.3053385416666667 0.6875 0.087890625 0.1388888888888889
1 0.9622395833333334 0.2650462962962963 0.057291666666666664 0.18171296296296297
0 0.4186197916666667 0.5706018518518519 0.08072916666666667 0.17476851851851852
0 0.3678385416666667 0.32060185185185186 0.0625 0.14583333333333334
0 0.673828125 0.2048611111111111 0.068359375 0.10185185185185185
1 0.802734375 0.4664351851851852 0.07552083333333333 0.07407407407407407
1 0.8020833333333334 0.6701388888888888 0.052083333333333336 0.07060185185185185
1 0.7825520833333334 0.8923611111111112 0.057942708333333336 0.1284722222222222
1 0.9973958333333334 0.90625 0.004557291666666667 0.15162037037037038
1 0.931640625 0.8935185185185185 0.026692708333333332 0.12268518518518519
0 0.5475260416666666 0.8518518518518519 0.06575520833333333 0.20833333333333334
0 0.6328125 0.8078703703703703 0.099609375 0.1909722222222222
