1 0.5074074074074074 0.7708333333333334 0.08425925925925926 0.0390625
0 0.45092592592592595 0.24427083333333333 0.1111111111111111 0.0703125
1 0.787962962962963 0.7697916666666667 0.14537037037037037 0.04583333333333333
0 0.5435185185185185 0.33489583333333334 0.1398148148148148 0.06458333333333334
0 0.7444444444444445 0.2942708333333333 0.11666666666666667 0.05
1 0.2851851851851852 0.9723958333333333 0.05277777777777778 0.05416666666666667
0 0.837037037037037 0.5390625 0.08148148148148149 0.0546875
1 0.6277777777777778 0.6421875 0.05925925925925926 0.06041666666666667
1 0.525 0.9390625 0.03888888888888889 0.04479166666666667
1 0.4638888888888889 0.6416666666666667 0.05648148148148148 0.041666666666666664
1 0.2861111111111111 0.6260416666666667 0.10277777777777777 0.04635416666666667
1 0.7472222222222222 0.84375 0.06851851851851852 0.06927083333333334
1 0.275 0.8213541666666667 0.12129629629629629 0.05
1 0.2861111111111111 0.7453125 0.09814814814814815 0.021354166666666667
1 0.24074074074074073 0.9015625 0.09814814814814815 0.022395833333333334
0 0.3194444444444444 0.43802083333333336 0.16666666666666666 0.05260416666666667
0 0.3537037037037037 0.50625 0.1527777777777778 0.0796875
