1 0.6833333333333333 0.5185185185185185 0.059375 0.13796296296296295
1 0.7083333333333334 0.4101851851851852 0.08229166666666667 0.08796296296296297
1 0.8265625 0.4027777777777778 0.05260416666666667 0.11851851851851852
1 0.4546875 0.44537037037037036 0.0453125 0.18518518518518517
1 0.3932291666666667 0.9 0.10520833333333333 0.13240740740740742
1 0.4125 0.5990740740740741 0.11875 0.08148148148148149
1 0.91875 0.38333333333333336 0.0875 0.13425925925925927
1 0.5916666666666667 0.4722222222222222 0.1046875 0.06666666666666667
1 0.9776041666666667 0.6916666666666667 0.042708333333333334 0.1287037037037037
1 0.6213541666666667 0.7222222222222222 0.04739583333333333 0.1648148148148148
1 0.890625 0.924074074074074 0.06666666666666667 0.07685185185185185
1 0.7489583333333333 0.762962962962963 0.0609375 0.06111111111111111
