1 0.48148148148148145 0.6833333333333333 0.1388888888888889 0.059895833333333336
1 0.5898148148148148 0.7083333333333334 0.08888888888888889 0.0828125
1 0.5972222222222222 0.8270833333333333 0.11944444444444445 0.053125
1 0.5546296296296296 0.4552083333333333 0.18611111111111112 0.04583333333333333
1 0.1 0.3932291666666667 0.13333333333333333 0.10572916666666667
1 0.4009259259259259 0.4125 0.0824074074074074 0.11927083333333334
1 0.6166666666666667 0.91875 0.13518518518518519 0.08802083333333334
1 0.5277777777777778 0.5921875 0.06759259259259259 0.10520833333333333
1 0.30833333333333335 0.9776041666666667 0.12962962962962962 0.043229166666666666
1 0.2777777777777778 0.621875 0.16574074074074074 0.04791666666666667
1 0.07592592592592592 0.890625 0.07777777777777778 0.0671875
1 0.23703703703703705 0.7494791666666667 0.062037037037037036 0.06145833333333333
