0 0.184375 0.725 0.10572916666666667 0.17037037037037037
0 0.3921875 0.899074074074074 0.07083333333333333 0.12962962962962962
0 0.35625 0.5879629629629629 0.07916666666666666 0.1787037037037037
0 0.2453125 0.19166666666666668 0.09114583333333333 0.15555555555555556
0 0.29635416666666664 0.9 0.07760416666666667 0.1527777777777778
0 0.240625 0.49907407407407406 0.08697916666666666 0.1712962962962963
0 0.5515625 0.4962962962962963 0.08177083333333333 0.16296296296296298
0 0.3927083333333333 0.20185185185185187 0.071875 0.12129629629629629
0 0.5703125 0.7712962962962963 0.0890625 0.1425925925925926
0 0.55625 0.22592592592592592 0.08072916666666667 0.13240740740740742
0 0.7 0.5509259259259259 0.059895833333333336 0.14166666666666666
0 0.17760416666666667 0.962037037037037 0.0734375 0.07314814814814814
