0 0.275 0.18489583333333334 0.1712962962962963 0.10625
0 0.10092592592592593 0.3921875 0.13055555555555556 0.07135416666666666
0 0.41203703703703703 0.35625 0.17962962962962964 0.0796875
0 0.8083333333333333 0.24583333333333332 0.15648148148148147 0.09166666666666666
0 0.1 0.296875 0.1537037037037037 0.078125
0 0.5009259259259259 0.24114583333333334 0.17222222222222222 0.0875
0 0.5037037037037037 0.5520833333333334 0.1638888888888889 0.08229166666666667
0 0.7981481481481482 0.3927083333333333 0.12222222222222222 0.07239583333333334
0 0.22870370370370371 0.5708333333333333 0.14351851851851852 0.08958333333333333
0 0.774074074074074 0.5567708333333333 0.13333333333333333 0.08125
0 0.44907407407407407 0.7005208333333334 0.1425925925925926 0.06041666666666667
0 0.03796296296296296 0.178125 0.07407407407407407 0.07395833333333333
