1 0.4666666666666667 0.7166666666666667 0.09166666666666666 0.071875
1 0.6361111111111111 0.303125 0.14537037037037037 0.03854166666666667
1 0.5657407407407408 0.4671875 0.16018518518518518 0.04479166666666667
1 0.37777777777777777 0.3 0.10462962962962963 0.08177083333333333
1 0.5787037037037037 0.6234375 0.12962962962962962 0.0390625
1 0.20277777777777778 0.5953125 0.09259259259259259 0.06302083333333333
1 0.13796296296296295 0.3489583333333333 0.1361111111111111 0.0375
1 0.1962962962962963 0.71875 0.13055555555555556 0.058854166666666666
1 0.04537037037037037 0.7630208333333334 0.08796296296296297 0.027083333333333334
1 0.09074074074074075 0.6859375 0.15925925925925927 0.0453125
1 0.03611111111111111 0.4078125 0.06944444444444445 0.050520833333333334
