1 0.7161458333333334 0.5333333333333333 0.07135416666666666 0.09074074074074075
1 0.3026041666666667 0.3638888888888889 0.03802083333333333 0.14444444444444443
1 0.4666666666666667 0.43425925925925923 0.044270833333333336 0.15925925925925927
1 0.3 0.6222222222222222 0.08125 0.1037037037037037
1 0.6234375 0.4212962962962963 0.03854166666666667 0.1287037037037037
1 0.5953125 0.7972222222222223 0.0625 0.09166666666666666
1 0.3484375 0.862037037037037 0.03697916666666667 0.13518518518518519
1 0.71875 0.8037037037037037 0.058333333333333334 0.12962962962962962
1 0.7625 0.9546296296296296 0.0265625 0.08703703703703704
1 0.6859375 0.9092592592592592 0.04479166666666667 0.15833333333333333
1 0.4078125 0.9638888888888889 0.05 0.06851851851851852
