0 0.18703703703703703 0.10260416666666666 0.13796296296296295 0.07291666666666667
0 0.27870370370370373 0.2557291666666667 0.11018518518518519 0.06770833333333333
0 0.062037037037037036 0.2677083333333333 0.10740740740740741 0.07135416666666666
0 0.3537037037037037 0.8692708333333333 0.10185185185185185 0.06927083333333334
1 0.04814814814814815 0.7385416666666667 0.075 0.06302083333333333
0 0.425 0.7276041666666667 0.13055555555555556 0.07083333333333333
0 0.487962962962963 0.022916666666666665 0.125 0.04479166666666667
0 0.24166666666666667 0.37604166666666666 0.11481481481481481 0.06041666666666667
0 0.2537037037037037 0.026041666666666668 0.12314814814814815 0.0515625
1 0.2111111111111111 0.8755208333333333 0.10555555555555556 0.06770833333333333
1 0.03888888888888889 0.915625 0.06574074074074074 0.05572916666666667
0 0.49907407407407406 0.25729166666666664 0.11481481481481481 0.08020833333333334
0 0.5 0.1328125 0.10277777777777777 0.07135416666666666
0 0.26944444444444443 0.9583333333333334 0.10925925925925926 0.06510416666666667
