0 0.10208333333333333 0.812962962962963 0.07239583333333334 0.13703703703703704
0 0.2552083333333333 0.7212962962962963 0.0671875 0.10925925925925926
0 0.2677083333333333 0.937962962962963 0.07083333333333333 0.10648148148148148
0 0.8692708333333333 0.6462962962962963 0.06875 0.10092592592592593
1 0.7385416666666667 0.9518518518518518 0.0625 0.07407407407407407
0 0.7270833333333333 0.575 0.0703125 0.12962962962962962
0 0.022395833333333334 0.5120370370370371 0.044270833333333336 0.12407407407407407
0 0.37552083333333336 0.7583333333333333 0.059895833333333336 0.11388888888888889
0 0.026041666666666668 0.7462962962962963 0.051041666666666666 0.12222222222222222
1 0.875 0.7888888888888889 0.0671875 0.10462962962962963
1 0.915625 0.9611111111111111 0.05520833333333333 0.06481481481481481
0 0.25677083333333334 0.5009259259259259 0.0796875 0.11388888888888889
0 0.1328125 0.5 0.07083333333333333 0.10185185185185185
0 0.9583333333333334 0.7305555555555555 0.06458333333333334 0.10833333333333334
