1 0.4890625 0.19537037037037036 0.06979166666666667 0.12222222222222222
1 0.26927083333333335 0.4361111111111111 0.07708333333333334 0.08333333333333333
1 0.44895833333333335 0.5740740740740741 0.08072916666666667 0.11018518518518519
1 0.8609375 0.48055555555555557 0.0421875 0.08518518518518518
1 0.6854166666666667 0.9 0.044270833333333336 0.14814814814814814
1 0.978125 0.8287037037037037 0.041666666666666664 0.14907407407407408
1 0.7442708333333333 0.49907407407407406 0.0625 0.10462962962962963
1 0.7776041666666667 0.21481481481481482 0.07916666666666666 0.10740740740740741
1 0.5708333333333333 0.7101851851851851 0.11458333333333333 0.07777777777777778
1 0.19947916666666668 0.6157407407407407 0.11458333333333333 0.11666666666666667
1 0.21875 0.24722222222222223 0.0921875 0.08518518518518518
1 0.5505208333333333 0.8694444444444445 0.036458333333333336 0.12314814814814815
1 0.5729166666666666 0.41203703703703703 0.0484375 0.14074074074074075
1 0.7546875 0.7175925925925926 0.04739583333333333 0.0962962962962963
1 0.63125 0.12314814814814815 0.03854166666666667 0.1388888888888889
1 0.81875 0.899074074074074 0.028125 0.13333333333333333
1 0.3578125 0.8379629629629629 0.12916666666666668 0.09444444444444444
1 0.9421875 0.2222222222222222 0.05 0.1259259259259259
1 0.15260416666666668 0.887962962962963 0.121875 0.11944444444444445
