1 0.8046296296296296 0.4890625 0.12314814814814815 0.0703125
1 0.5638888888888889 0.26927083333333335 0.08425925925925926 0.07760416666666667
1 0.42592592592592593 0.44947916666666665 0.1111111111111111 0.08125
1 0.5194444444444445 0.8614583333333333 0.08611111111111111 0.042708333333333334
1 0.1 0.6859375 0.14907407407407408 0.04479166666666667
1 0.1712962962962963 0.978125 0.15 0.0421875
1 0.5009259259259259 0.7442708333333333 0.10555555555555556 0.06302083333333333
1 0.7851851851851852 0.7776041666666667 0.10833333333333334 0.0796875
1 0.2898148148148148 0.5708333333333333 0.0787037037037037 0.11510416666666666
1 0.38425925925925924 0.19947916666666668 0.1175925925925926 0.11510416666666666
1 0.7527777777777778 0.21927083333333333 0.08611111111111111 0.09270833333333334
1 0.13055555555555556 0.5505208333333333 0.12407407407407407 0.03697916666666667
1 0.5879629629629629 0.5734375 0.14166666666666666 0.04895833333333333
1 0.2824074074074074 0.7552083333333334 0.09722222222222222 0.04791666666666667
1 0.8768518518518519 0.63125 0.1398148148148148 0.0390625
1 0.10092592592592593 0.81875 0.13425925925925927 0.028645833333333332
1 0.16203703703703703 0.3578125 0.09537037037037037 0.1296875
1 0.7777777777777778 0.9421875 0.12685185185185185 0.050520833333333334
1 0.11203703703703703 0.15260416666666668 0.12037037037037036 0.12239583333333333
