1 0.611328125 0.24421296296296297 0.087890625 0.15393518518518517
1 0.3365885416666667 0.5451388888888888 0.09700520833333333 0.10532407407407407
1 0.5618489583333334 0.71875 0.1015625 0.1388888888888889
1 0.9303385416666666 0.625 0.07877604166666667 0.13194444444444445
1 0.9609375 0.26851851851851855 0.07747395833333333 0.13541666666666666
1 0.7135416666666666 0.8877314814814815 0.14388020833333334 0.09837962962962964
1 0.24934895833333334 0.7696759259259259 0.14388020833333334 0.14699074074074073
1 0.2740885416666667 0.3090277777777778 0.11588541666666667 0.1076388888888889
1 0.716796875 0.5150462962962963 0.061197916666666664 0.17708333333333334
1 0.9440104166666666 0.8969907407407407 0.059895833333333336 0.12152777777777778
1 0.7890625 0.15393518518518517 0.048828125 0.17476851851851852
1 0.447265625 0.9942129629629629 0.162109375 0.011574074074074073
