0 0.340625 0.7222222222222222 0.05 0.11203703703703703
0 0.7979166666666667 0.6712962962962963 0.06822916666666666 0.10925925925925926
0 0.13020833333333334 0.5481481481481482 0.07604166666666666 0.1111111111111111
0 0.21666666666666667 0.6583333333333333 0.0578125 0.10555555555555556
1 0.11458333333333333 0.675 0.043229166666666666 0.10277777777777777
0 0.7427083333333333 0.8546296296296296 0.0859375 0.12222222222222222
0 0.7802083333333333 0.4203703703703704 0.0765625 0.1527777777777778
1 0.15989583333333332 0.8907407407407407 0.058854166666666666 0.07777777777777778
0 0.8583333333333333 0.762962962962963 0.08489583333333334 0.1175925925925926
0 0.9380208333333333 0.40925925925925927 0.06770833333333333 0.11203703703703703
0 0.9885416666666667 0.6685185185185185 0.021354166666666667 0.1259259259259259
0 0.890625 0.9814814814814815 0.05364583333333333 0.03518518518518519
0 0.8223958333333333 0.975 0.05416666666666667 0.03981481481481482
1 0.0140625 0.9027777777777778 0.028645833333333332 0.08333333333333333
