0 0.2777777777777778 0.340625 0.11296296296296296 0.050520833333333334
0 0.3287037037037037 0.7984375 0.11018518518518519 0.06875
0 0.45185185185185184 0.13020833333333334 0.11203703703703703 0.0765625
0 0.3416666666666667 0.2171875 0.10648148148148148 0.058333333333333334
1 0.325 0.11510416666666666 0.1037037037037037 0.04375
0 0.14537037037037037 0.7432291666666667 0.12314814814814815 0.08645833333333333
0 0.5796296296296296 0.7807291666666667 0.1537037037037037 0.07708333333333334
1 0.10925925925925926 0.16041666666666668 0.0787037037037037 0.059375
0 0.23703703703703705 0.8588541666666667 0.11851851851851852 0.08541666666666667
0 0.5907407407407408 0.9380208333333333 0.11296296296296296 0.06822916666666666
0 0.3314814814814815 0.9890625 0.12685185185185185 0.021875
0 0.018518518518518517 0.8911458333333333 0.03611111111111111 0.05416666666666667
0 0.025 0.8223958333333333 0.040740740740740744 0.0546875
1 0.09722222222222222 0.014583333333333334 0.08425925925925926 0.029166666666666667
