0 0.8921875 0.5462962962962963 0.06510416666666667 0.14537037037037037
1 0.60625 0.24537037037037038 0.0515625 0.11944444444444445
1 0.4890625 0.2388888888888889 0.03125 0.10185185185185185
1 0.052083333333333336 0.5083333333333333 0.0671875 0.06851851851851852
0 0.9244791666666666 0.7490740740740741 0.052083333333333336 0.11666666666666667
1 0.5901041666666667 0.42592592592592593 0.041666666666666664 0.058333333333333334
1 0.18541666666666667 0.24722222222222223 0.06614583333333333 0.06481481481481481
1 0.2677083333333333 0.21296296296296297 0.052083333333333336 0.058333333333333334
0 0.6828125 0.8101851851851852 0.05 0.07962962962962963
1 0.3802083333333333 0.6814814814814815 0.0734375 0.0712962962962963
1 0.059895833333333336 0.3055555555555556 0.0765625 0.07592592592592592
1 0.4625 0.45185185185185184 0.03958333333333333 0.07962962962962963
1 0.20729166666666668 0.41203703703703703 0.03229166666666667 0.10462962962962963
1 0.08541666666666667 0.1675925925925926 0.0359375 0.14444444444444443
1 0.4583333333333333 0.7333333333333333 0.034895833333333334 0.15185185185185185
1 0.5854166666666667 0.5916666666666667 0.059375 0.05740740740740741
1 0.029166666666666667 0.6564814814814814 0.058333333333333334 0.05740740740740741
0 0.971875 0.46111111111111114 0.0546875 0.11574074074074074
1 0.421875 0.1935185185185185 0.05 0.13796296296296295
1 0.2947916666666667 0.44537037037037036 0.0390625 0.037037037037037035
1 0.209375 0.6907407407407408 0.046875 0.07314814814814814
0 0.7739583333333333 0.2953703703703704 0.07916666666666666 0.18518518518518517
1 0.3416666666666667 0.17407407407407408 0.026041666666666668 0.10277777777777777
0 0.7364583333333333 0.3351851851851852 0.0984375 0.17777777777777778
