0 0.4537037037037037 0.8927083333333333 0.14629629629629629 0.065625
1 0.7546296296296297 0.6067708333333334 0.12037037037037036 0.052083333333333336
1 0.7611111111111111 0.4890625 0.10277777777777777 0.03177083333333333
1 0.49166666666666664 0.05260416666666667 0.06944444444444445 0.06770833333333333
0 0.25092592592592594 0.9244791666666666 0.1175925925925926 0.05260416666666667
1 0.5740740740740741 0.5901041666666667 0.05925925925925926 0.0421875
1 0.7527777777777778 0.1859375 0.06574074074074074 0.06666666666666667
1 0.7870370370370371 0.2677083333333333 0.05925925925925926 0.05260416666666667
0 0.18981481481481483 0.6828125 0.08055555555555556 0.050520833333333334
1 0.31851851851851853 0.3807291666666667 0.07222222222222222 0.07395833333333333
1 0.6944444444444444 0.06041666666666667 0.07685185185185185 0.07708333333333334
1 0.5481481481481482 0.4625 0.08055555555555556 0.04010416666666667
1 0.5879629629629629 0.20729166666666668 0.10555555555555556 0.0328125
1 0.8324074074074074 0.0859375 0.14537037037037037 0.036458333333333336
1 0.26666666666666666 0.4588541666666667 0.1527777777777778 0.035416666666666666
1 0.4083333333333333 0.5854166666666667 0.058333333333333334 0.059895833333333336
1 0.3435185185185185 0.029166666666666667 0.058333333333333334 0.058854166666666666
0 0.5388888888888889 0.9723958333333333 0.11666666666666667 0.05520833333333333
1 0.8064814814814815 0.421875 0.1388888888888889 0.050520833333333334
1 0.5546296296296296 0.2953125 0.03796296296296296 0.03958333333333333
1 0.30925925925925923 0.209375 0.07407407407407407 0.04739583333333333
0 0.7046296296296296 0.7739583333333333 0.18611111111111112 0.0796875
1 0.825925925925926 0.3416666666666667 0.1037037037037037 0.0265625
0 0.6648148148148149 0.7369791666666666 0.1787037037037037 0.09895833333333333
