1 0.7584635416666666 0.30787037037037035 0.06510416666666667 0.15046296296296297
1 0.611328125 0.2986111111111111 0.039713541666666664 0.1284722222222222
1 0.06575520833333333 0.6354166666666666 0.08463541666666667 0.08680555555555555
1 0.7376302083333334 0.5335648148148148 0.052734375 0.07407407407407407
1 0.232421875 0.3090277777777778 0.08333333333333333 0.08217592592592593
1 0.3346354166666667 0.2673611111111111 0.06575520833333333 0.07407407407407407
0 0.853515625 0.9814814814814815 0.06315104166666667 0.037037037037037035
1 0.4759114583333333 0.8530092592592593 0.09244791666666667 0.09027777777777778
1 0.07552083333333333 0.3819444444444444 0.09635416666666667 0.09606481481481481
1 0.578125 0.5648148148148148 0.050130208333333336 0.10069444444444445
1 0.2591145833333333 0.5162037037037037 0.041015625 0.13194444444444445
1 0.107421875 0.20949074074074073 0.045572916666666664 0.18171296296296297
1 0.5735677083333334 0.9108796296296297 0.044270833333333336 0.17824074074074073
1 0.7317708333333334 0.7395833333333334 0.07486979166666667 0.07291666666666667
1 0.036458333333333336 0.8206018518518519 0.07356770833333333 0.07291666666666667
1 0.52734375 0.24305555555555555 0.06315104166666667 0.1736111111111111
1 0.369140625 0.5567129629629629 0.049479166666666664 0.047453703703703706
1 0.26171875 0.8645833333333334 0.059244791666666664 0.09259259259259259
0 0.958984375 0.36921296296296297 0.08203125 0.2326388888888889
1 0.4270833333333333 0.21875 0.033203125 0.12962962962962962
0 0.9212239583333334 0.41898148148148145 0.12369791666666667 0.22337962962962962
