0 0.3398148148148148 0.32708333333333334 0.12314814814814815 0.08385416666666666
0 0.26851851851851855 0.196875 0.1537037037037037 0.0984375
0 0.05740740740740741 0.0484375 0.1037037037037037 0.09635416666666667
0 0.46111111111111114 0.13697916666666668 0.18425925925925926 0.0796875
1 0.1175925925925926 0.8114583333333333 0.05462962962962963 0.0625
1 0.05740740740740741 0.8619791666666666 0.044444444444444446 0.028125
1 0.6046296296296296 0.8020833333333334 0.17037037037037037 0.04791666666666667
1 0.5472222222222223 0.9041666666666667 0.1648148148148148 0.06927083333333334
1 0.25462962962962965 0.9291666666666667 0.08611111111111111 0.06770833333333333
1 0.19166666666666668 0.9833333333333333 0.11481481481481481 0.03177083333333333
1 0.3453703703703704 0.83125 0.21481481481481482 0.05364583333333333
1 0.48055555555555557 0.9479166666666666 0.10925925925925926 0.03854166666666667
