0 0.32708333333333334 0.6601851851851852 0.08333333333333333 0.12222222222222222
0 0.196875 0.7314814814814815 0.09791666666666667 0.1527777777777778
0 0.0484375 0.9425925925925925 0.09583333333333334 0.10277777777777777
0 0.13697916666666668 0.5388888888888889 0.07916666666666666 0.18333333333333332
1 0.8109375 0.8824074074074074 0.06197916666666667 0.053703703703703705
1 0.8614583333333333 0.9425925925925925 0.027604166666666666 0.04351851851851852
1 0.8015625 0.39537037037037037 0.04739583333333333 0.16944444444444445
1 0.9041666666666667 0.4527777777777778 0.06875 0.1638888888888889
1 0.9286458333333333 0.7453703703703703 0.0671875 0.08518518518518518
1 0.9833333333333333 0.8083333333333333 0.03125 0.11388888888888889
1 0.83125 0.6546296296296297 0.053125 0.21388888888888888
1 0.9473958333333333 0.5194444444444445 0.03802083333333333 0.10833333333333334
