1 0.9752604166666666 0.9675925925925926 0.049479166666666664 0.06365740740740741
0 0.78125 0.8032407407407407 0.1015625 0.19212962962962962
0 0.96875 0.8298611111111112 0.0625 0.17708333333333334
1 0.3528645833333333 0.9814814814814815 0.06640625 0.037037037037037035
1 0.083984375 0.5300925925925926 0.08072916666666667 0.14583333333333334
1 0.12825520833333334 0.9259259259259259 0.09765625 0.14814814814814814
1 0.18684895833333334 0.6365740740740741 0.115234375 0.19560185185185186
1 0.027994791666666668 0.8206018518518519 0.055989583333333336 0.2569444444444444
1 0.2903645833333333 0.5648148148148148 0.10286458333333333 0.21412037037037038
1 0.21419270833333334 0.9629629629629629 0.0625 0.07291666666666667
