1 0.7802083333333333 0.812962962962963 0.03958333333333333 0.1287037037037037
0 0.6244791666666667 0.6416666666666667 0.08072916666666667 0.1527777777777778
0 0.796875 0.6638888888888889 0.09375 0.14074074074074075
0 0.9666666666666667 0.8027777777777778 0.05416666666666667 0.13796296296296295
1 0.28177083333333336 0.8240740740740741 0.05260416666666667 0.10740740740740741
1 0.290625 0.9351851851851852 0.058333333333333334 0.10740740740740741
1 0.6869791666666667 0.9768518518518519 0.07395833333333333 0.04259259259259259
1 0.06666666666666667 0.42314814814814816 0.0640625 0.11574074074074074
1 0.10208333333333333 0.7546296296296297 0.07760416666666667 0.14722222222222223
1 0.14947916666666666 0.5092592592592593 0.09166666666666666 0.15555555555555556
1 0.0765625 0.9425925925925925 0.0375 0.05648148148148148
1 0.021875 0.6555555555555556 0.044270833333333336 0.20462962962962963
1 0.23177083333333334 0.45185185185185184 0.08177083333333333 0.17037037037037037
1 0.17083333333333334 0.8194444444444444 0.049479166666666664 0.15555555555555556
