1 0.18703703703703703 0.7802083333333333 0.12962962962962962 0.04010416666666667
0 0.35833333333333334 0.625 0.1537037037037037 0.08125
0 0.33611111111111114 0.796875 0.14166666666666666 0.09427083333333333
0 0.19722222222222222 0.9666666666666667 0.1388888888888889 0.0546875
1 0.17592592592592593 0.28229166666666666 0.10833333333333334 0.053125
1 0.06481481481481481 0.290625 0.10833333333333334 0.058854166666666666
1 0.023148148148148147 0.6869791666666667 0.04351851851851852 0.07447916666666667
1 0.5768518518518518 0.0671875 0.11666666666666667 0.06458333333333334
1 0.24537037037037038 0.10260416666666666 0.14814814814814814 0.078125
1 0.49074074074074076 0.14947916666666666 0.15648148148148147 0.0921875
1 0.05740740740740741 0.0765625 0.05740740740740741 0.03802083333333333
1 0.34444444444444444 0.022395833333333334 0.20555555555555555 0.04479166666666667
1 0.5481481481481482 0.23229166666666667 0.1712962962962963 0.08229166666666667
1 0.18055555555555555 0.17135416666666667 0.15648148148148147 0.05
