0 0.6139322916666666 0.9027777777777778 0.07486979166666667 0.13541666666666666
0 0.5546875 0.5300925925925926 0.08854166666666667 0.1724537037037037
0 0.087890625 0.7256944444444444 0.07747395833333333 0.19328703703703703
0 0.9661458333333334 0.5185185185185185 0.06705729166666667 0.20717592592592593
1 0.173828125 0.7476851851851852 0.07421875 0.09027777777777778
0 0.833984375 0.37037037037037035 0.06575520833333333 0.12268518518518519
0 0.4251302083333333 0.9548611111111112 0.08528645833333333 0.08912037037037036
1 0.7584635416666666 0.8831018518518519 0.076171875 0.08796296296296297
1 0.6627604166666666 0.6319444444444444 0.039713541666666664 0.16319444444444445
0 0.5442708333333334 0.9421296296296297 0.083984375 0.11458333333333333
0 0.3776041666666667 0.1840277777777778 0.07356770833333333 0.22916666666666666
0 0.07877604166666667 0.9861111111111112 0.08984375 0.027777777777777776
0 0.3600260416666667 0.7789351851851852 0.06770833333333333 0.14814814814814814
1 0.2786458333333333 0.8993055555555556 0.0546875 0.16319444444444445
1 0.6484375 0.3599537037037037 0.076171875 0.1111111111111111
0 0.16666666666666666 0.44560185185185186 0.08854166666666667 0.13773148148148148
1 0.9186197916666666 0.9375 0.047526041666666664 0.125
