0 0.49114583333333334 0.7222222222222222 0.059375 0.10740740740740741
0 0.4432291666666667 0.42407407407407405 0.0703125 0.13703703703703704
0 0.0703125 0.5805555555555556 0.06145833333333333 0.1537037037037037
0 0.7927083333333333 0.4148148148148148 0.09270833333333334 0.1648148148148148
1 0.13854166666666667 0.5972222222222222 0.058854166666666666 0.0712962962962963
0 0.6671875 0.2953703703703704 0.052083333333333336 0.09722222222222222
0 0.34010416666666665 0.7787037037037037 0.06770833333333333 0.1
1 0.6067708333333334 0.7055555555555556 0.06041666666666667 0.06944444444444445
1 0.5302083333333333 0.5055555555555555 0.03125 0.12962962962962962
0 0.4354166666666667 0.7907407407407407 0.06666666666666667 0.1648148148148148
0 0.3020833333333333 0.14629629629629629 0.058333333333333334 0.1824074074074074
0 0.0625 0.8342592592592593 0.07135416666666666 0.11388888888888889
0 0.2875 0.6222222222222222 0.05364583333333333 0.1175925925925926
1 0.22239583333333332 0.7194444444444444 0.043229166666666666 0.12962962962962962
1 0.51875 0.28703703703703703 0.06041666666666667 0.08796296296296297
1 0.9614583333333333 0.1685185185185185 0.071875 0.07685185185185185
0 0.1328125 0.35648148148148145 0.0703125 0.10925925925925926
1 0.9208333333333333 0.47129629629629627 0.022916666666666665 0.1
1 0.7348958333333333 0.7527777777777778 0.0375 0.10648148148148148
0 0.8567708333333334 0.7287037037037037 0.036458333333333336 0.062037037037037036
0 0.9536458333333333 0.6805555555555556 0.03229166666666667 0.05740740740740741
