0 0.2777777777777778 0.49114583333333334 0.10833333333333334 0.059895833333333336
0 0.575925925925926 0.44375 0.13796296296296295 0.07083333333333333
0 0.41944444444444445 0.0703125 0.15462962962962962 0.06197916666666667
0 0.5851851851851851 0.7927083333333333 0.16574074074074074 0.09322916666666667
1 0.4027777777777778 0.1390625 0.07222222222222222 0.059375
0 0.7046296296296296 0.6671875 0.09814814814814815 0.05260416666666667
0 0.2212962962962963 0.34010416666666665 0.10092592592592593 0.06822916666666666
1 0.29444444444444445 0.6067708333333334 0.07037037037037037 0.0609375
1 0.49444444444444446 0.5302083333333333 0.13055555555555556 0.03177083333333333
0 0.20925925925925926 0.4354166666666667 0.16574074074074074 0.0671875
0 0.8537037037037037 0.3020833333333333 0.18333333333333332 0.058854166666666666
0 0.16574074074074074 0.06302083333333333 0.11481481481481481 0.071875
0 0.37777777777777777 0.28802083333333334 0.11851851851851852 0.05416666666666667
1 0.28055555555555556 0.22291666666666668 0.13055555555555556 0.04375
1 0.7129629629629629 0.51875 0.08888888888888889 0.0609375
1 0.8314814814814815 0.9614583333333333 0.07777777777777778 0.07239583333333334
0 0.6435185185185185 0.13333333333333333 0.11018518518518519 0.07083333333333333
1 0.5287037037037037 0.9208333333333333 0.10092592592592593 0.0234375
1 0.24722222222222223 0.7348958333333333 0.10740740740740741 0.03802083333333333
0 0.2712962962962963 0.8567708333333334 0.06296296296296296 0.03697916666666667
0 0.3194444444444444 0.9536458333333333 0.058333333333333334 0.0328125
