0 0.8921875 0.07314814814814814 0.04583333333333333 0.07777777777777778
1 0.4734375 0.5546296296296296 0.05364583333333333 0.049074074074074076
1 0.665625 0.6203703703703703 0.04635416666666667 0.06944444444444445
1 0.4390625 0.887962962962963 0.03802083333333333 0.12962962962962962
1 0.49635416666666665 0.7037037037037037 0.06041666666666667 0.05092592592592592
1 0.5276041666666667 0.975925925925926 0.028125 0.04537037037037037
1 0.90625 0.7861111111111111 0.051041666666666666 0.06574074074074074
1 0.6166666666666667 0.825 0.03229166666666667 0.08796296296296297
1 0.753125 0.6861111111111111 0.036458333333333336 0.09259259259259259
1 0.5369791666666667 0.7703703703703704 0.03125 0.1
1 0.75 0.8222222222222222 0.033854166666666664 0.06944444444444445
1 0.5864583333333333 0.612037037037037 0.0609375 0.049074074074074076
1 0.8619791666666666 0.6638888888888889 0.029166666666666667 0.10277777777777777
1 0.3765625 0.8435185185185186 0.033854166666666664 0.1388888888888889
1 0.38125 0.6212962962962963 0.05677083333333333 0.11481481481481481
1 0.6932291666666667 0.9722222222222222 0.034895833333333334 0.053703703703703705
1 0.9130208333333333 0.9083333333333333 0.0390625 0.05092592592592592
1 0.834375 0.9287037037037037 0.036458333333333336 0.06481481481481481
1 0.6739583333333333 0.03611111111111111 0.0328125 0.06296296296296296
1 0.7109375 0.9046296296296297 0.06875 0.03148148148148148
