0 0.9268518518518518 0.8921875 0.0787037037037037 0.04635416666666667
1 0.44537037037037036 0.4739583333333333 0.05 0.05416666666666667
1 0.37962962962962965 0.6661458333333333 0.07037037037037037 0.046875
1 0.11203703703703703 0.4395833333333333 0.13055555555555556 0.03854166666666667
1 0.2962962962962963 0.49635416666666665 0.05185185185185185 0.0609375
1 0.024074074074074074 0.5276041666666667 0.046296296296296294 0.028645833333333332
1 0.21388888888888888 0.90625 0.06666666666666667 0.0515625
1 0.175 0.6166666666666667 0.08888888888888889 0.0328125
1 0.3138888888888889 0.753125 0.09351851851851851 0.03697916666666667
1 0.22962962962962963 0.5369791666666667 0.10092592592592593 0.03177083333333333
1 0.17777777777777778 0.7505208333333333 0.07037037037037037 0.034375
1 0.38796296296296295 0.5869791666666667 0.05 0.06145833333333333
1 0.33611111111111114 0.8619791666666666 0.1037037037037037 0.0296875
1 0.15648148148148147 0.3770833333333333 0.1398148148148148 0.034375
1 0.3787037037037037 0.38177083333333334 0.11574074074074074 0.057291666666666664
1 0.027777777777777776 0.69375 0.05462962962962963 0.035416666666666666
1 0.09166666666666666 0.9135416666666667 0.05185185185185185 0.03958333333333333
1 0.0712962962962963 0.834375 0.06574074074074074 0.03697916666666667
1 0.9638888888888889 0.6744791666666666 0.06388888888888888 0.03333333333333333
1 0.09537037037037037 0.7109375 0.032407407407407406 0.06927083333333334
