1 0.5924479166666666 0.6944444444444444 0.06770833333333333 0.0625
1 0.8326822916666666 0.7766203703703703 0.05859375 0.08796296296296297
1 0.6204427083333334 0.8807870370370371 0.076171875 0.06481481481481481
1 0.7708333333333334 0.9884259259259259 0.041015625 0.023148148148148147
1 0.94140625 0.8576388888888888 0.046223958333333336 0.11689814814814815
1 0.6712239583333334 0.9502314814814815 0.039713541666666664 0.09953703703703703
1 0.9381510416666666 0.9918981481481481 0.04296875 0.015046296296296295
1 0.7337239583333334 0.7662037037037037 0.07682291666666667 0.0625
1 0.4713541666666667 0.9837962962962963 0.04296875 0.032407407407407406
1 0.4772135416666667 0.7766203703703703 0.07161458333333333 0.14467592592592593
1 0.8430989583333334 0.04513888888888889 0.041666666666666664 0.0798611111111111
