0 0.5895833333333333 0.4527777777777778 0.0546875 0.11296296296296296
1 0.3703125 0.9287037037037037 0.059375 0.08518518518518518
1 0.2328125 0.6148148148148148 0.0734375 0.1111111111111111
1 0.45260416666666664 0.6564814814814814 0.033854166666666664 0.13796296296296295
1 0.22239583333333332 0.875 0.07864583333333333 0.07592592592592592
1 0.3453125 0.6509259259259259 0.0390625 0.09537037037037037
1 0.5661458333333333 0.9416666666666667 0.0953125 0.08425925925925926
0 0.2760416666666667 0.35833333333333334 0.08072916666666667 0.17037037037037037
0 0.25052083333333336 0.20833333333333334 0.109375 0.12777777777777777
1 0.9817708333333334 0.9231481481481482 0.03177083333333333 0.08518518518518518
1 0.24270833333333333 0.9777777777777777 0.08020833333333334 0.04259259259259259
1 0.9838541666666667 0.5064814814814815 0.03229166666666667 0.03981481481481482
