0 0.5472222222222223 0.5901041666666667 0.11388888888888889 0.05520833333333333
1 0.0712962962962963 0.3703125 0.08611111111111111 0.059895833333333336
1 0.3851851851851852 0.23333333333333334 0.11203703703703703 0.07395833333333333
1 0.3435185185185185 0.453125 0.1388888888888889 0.034375
1 0.125 0.22291666666666668 0.07685185185185185 0.07916666666666666
1 0.3490740740740741 0.3458333333333333 0.0962962962962963 0.03958333333333333
1 0.058333333333333334 0.5666666666666667 0.08518518518518518 0.09583333333333334
0 0.6416666666666667 0.2765625 0.1712962962962963 0.08125
0 0.7916666666666666 0.25052083333333336 0.1287037037037037 0.10989583333333333
1 0.07685185185185185 0.9822916666666667 0.08611111111111111 0.03229166666666667
1 0.022222222222222223 0.24270833333333333 0.04351851851851852 0.08072916666666667
1 0.4935185185185185 0.9838541666666667 0.040740740740740744 0.03229166666666667
