0 0.759375 0.8314814814814815 0.04114583333333333 0.075
0 0.9682291666666667 0.8722222222222222 0.0375 0.06388888888888888
0 0.7151041666666667 0.8907407407407407 0.052083333333333336 0.08796296296296297
0 0.9322916666666666 0.9342592592592592 0.0484375 0.0824074074074074
0 0.85625 0.9648148148148148 0.04739583333333333 0.06759259259259259
0 0.6875 0.9740740740740741 0.044270833333333336 0.049074074074074076
0 0.7 0.7129629629629629 0.041666666666666664 0.075
0 0.8635416666666667 0.6268518518518519 0.052083333333333336 0.08611111111111111
0 0.7265625 0.5194444444444445 0.042708333333333334 0.0824074074074074
0 0.7854166666666667 0.9675925925925926 0.04635416666666667 0.06296296296296296
0 0.8854166666666666 0.1037037037037037 0.03958333333333333 0.08425925925925926
0 0.7901041666666667 0.8972222222222223 0.04583333333333333 0.06666666666666667
0 0.6348958333333333 0.5305555555555556 0.0515625 0.09722222222222222
0 0.8875 0.7212962962962963 0.04479166666666667 0.07407407407407407
0 0.9822916666666667 0.9277777777777778 0.0328125 0.09074074074074075
