0 0.1685185185185185 0.7598958333333333 0.07592592592592592 0.041666666666666664
0 0.12777777777777777 0.9682291666666667 0.06481481481481481 0.03802083333333333
0 0.10925925925925926 0.7151041666666667 0.08888888888888889 0.05260416666666667
0 0.06574074074074074 0.9328125 0.08333333333333333 0.04895833333333333
0 0.03518518518518519 0.8567708333333334 0.06851851851851852 0.04791666666666667
0 0.025925925925925925 0.6880208333333333 0.05 0.04479166666666667
0 0.28703703703703703 0.7 0.07592592592592592 0.0421875
0 0.3731481481481482 0.8635416666666667 0.08703703703703704 0.05260416666666667
0 0.48055555555555557 0.7265625 0.08333333333333333 0.043229166666666666
0 0.032407407407407406 0.7859375 0.06388888888888888 0.046875
0 0.8962962962962963 0.8854166666666666 0.08518518518518518 0.04010416666666667
0 0.10277777777777777 0.7901041666666667 0.06759259259259259 0.04635416666666667
0 0.46944444444444444 0.6354166666666666 0.09814814814814815 0.052083333333333336
0 0.27870370370370373 0.8875 0.075 0.0453125
0 0.07222222222222222 0.9828125 0.09166666666666666 0.03333333333333333
