0 0.7927083333333333 0.2351851851851852 0.06145833333333333 0.1287037037037037
0 0.5567708333333333 0.3425925925925926 0.07291666666666667 0.12129629629629629
0 0.5395833333333333 0.6 0.0484375 0.08333333333333333
0 0.6697916666666667 0.7888888888888889 0.0859375 0.28888888888888886
0 0.8932291666666666 0.7185185185185186 0.109375 0.3296296296296296
0 0.6458333333333334 0.3194444444444444 0.08333333333333333 0.15833333333333333
0 0.6296875 0.5611111111111111 0.084375 0.1361111111111111
0 0.6 0.6833333333333333 0.07447916666666667 0.12222222222222222
0 0.8885416666666667 0.612037037037037 0.071875 0.13425925925925927
0 0.8114583333333333 0.6203703703703703 0.08645833333333333 0.25
