0 0.7648148148148148 0.7927083333333333 0.12962962962962962 0.06197916666666667
0 0.6574074074074074 0.5567708333333333 0.12222222222222222 0.0734375
0 0.4 0.5401041666666667 0.08425925925925926 0.04895833333333333
0 0.2111111111111111 0.6703125 0.2898148148148148 0.08645833333333333
0 0.2814814814814815 0.8932291666666666 0.33055555555555555 0.10989583333333333
0 0.6805555555555556 0.6458333333333334 0.15925925925925927 0.08385416666666666
0 0.4388888888888889 0.6296875 0.13703703703703704 0.08489583333333334
0 0.31666666666666665 0.6005208333333333 0.12314814814814815 0.075
0 0.38796296296296295 0.8885416666666667 0.13518518518518519 0.07239583333333334
0 0.37962962962962965 0.8114583333333333 0.25092592592592594 0.08697916666666666
