0 0.15104166666666666 0.6027777777777777 0.04375 0.08796296296296297
0 0.13958333333333334 0.3888888888888889 0.04895833333333333 0.11851851851851852
0 0.6739583333333333 0.8962962962962963 0.044270833333333336 0.08333333333333333
0 0.378125 0.8166666666666667 0.033854166666666664 0.06111111111111111
0 0.44114583333333335 0.9361111111111111 0.029166666666666667 0.05185185185185185
0 0.3338541666666667 0.7731481481481481 0.034895833333333334 0.062037037037037036
0 0.2734375 0.23981481481481481 0.0390625 0.07685185185185185
0 0.5057291666666667 0.5990740740740741 0.030729166666666665 0.06481481481481481
0 0.37552083333333336 0.5731481481481482 0.0859375 0.08425925925925926
0 0.6927083333333334 0.34444444444444444 0.0265625 0.05740740740740741
0 0.6296875 0.7472222222222222 0.0296875 0.05555555555555555
