0 0.3972222222222222 0.15104166666666666 0.08888888888888889 0.044270833333333336
0 0.6111111111111112 0.13958333333333334 0.11944444444444445 0.049479166666666664
0 0.1037037037037037 0.6744791666666666 0.08425925925925926 0.04479166666666667
0 0.18333333333333332 0.37864583333333335 0.062037037037037036 0.034375
0 0.06388888888888888 0.44114583333333335 0.05277777777777778 0.0296875
0 0.22685185185185186 0.334375 0.06296296296296296 0.035416666666666666
0 0.7601851851851852 0.27395833333333336 0.07777777777777778 0.03958333333333333
0 0.4009259259259259 0.50625 0.06574074074074074 0.03125
0 0.42685185185185187 0.37604166666666666 0.08518518518518518 0.08645833333333333
0 0.6555555555555556 0.6932291666666667 0.058333333333333334 0.027083333333333334
0 0.25277777777777777 0.6302083333333334 0.05648148148148148 0.030208333333333334
