0 0.490234375 0.6666666666666666 0.08919270833333333 0.1712962962962963
0 0.232421875 0.4398148148148148 0.140625 0.22337962962962962
0 0.3033854166666667 0.16435185185185186 0.111328125 0.2175925925925926
0 0.4459635416666667 0.2673611111111111 0.099609375 0.2222222222222222
0 0.3697916666666667 0.6631944444444444 0.09700520833333333 0.18518518518518517
0 0.6165364583333334 0.9479166666666666 0.10546875 0.10416666666666667
0 0.875 0.23032407407407407 0.083984375 0.17824074074074073
0 0.7135416666666666 0.5069444444444444 0.119140625 0.18518518518518517
0 0.6881510416666666 0.15856481481481483 0.107421875 0.21180555555555555
0 0.24544270833333334 0.7835648148148148 0.14388020833333334 0.17939814814814814
0 0.7805989583333334 0.8680555555555556 0.10416666666666667 0.17708333333333334
0 0.4609375 0.9652777777777778 0.080078125 0.06944444444444445
