0 0.3921875 0.5324074074074074 0.07083333333333333 0.1361111111111111
0 0.18541666666666667 0.35185185185185186 0.11197916666666667 0.17777777777777778
0 0.24270833333333333 0.13055555555555556 0.08854166666666667 0.17314814814814813
0 0.3567708333333333 0.21296296296296297 0.07916666666666666 0.17685185185185184
0 0.29583333333333334 0.5296296296296297 0.07708333333333334 0.14722222222222223
0 0.49270833333333336 0.7907407407407407 0.08385416666666666 0.14907407407407408
0 0.7 0.18333333333333332 0.06666666666666667 0.14166666666666666
0 0.5708333333333333 0.4046296296296296 0.09479166666666666 0.14722222222222223
0 0.5505208333333333 0.12685185185185185 0.08541666666666667 0.1685185185185185
1 0.2984375 0.9592592592592593 0.057291666666666664 0.06759259259259259
1 0.19114583333333332 0.9064814814814814 0.09375 0.0962962962962963
0 0.19635416666666666 0.6268518518518519 0.11458333333333333 0.1425925925925926
0 0.6239583333333333 0.6944444444444444 0.0828125 0.14074074074074075
0 0.36875 0.7953703703703704 0.06354166666666666 0.10277777777777777
0 0.6239583333333333 0.9638888888888889 0.10104166666666667 0.07037037037037037
1 0.45625 0.9231481481481482 0.028645833333333332 0.15092592592592594
