0 0.4675925925925926 0.3921875 0.13703703703703704 0.07135416666666666
0 0.6481481481481481 0.1859375 0.1787037037037037 0.1125
0 0.8694444444444445 0.24270833333333333 0.17407407407407408 0.0890625
0 0.7870370370370371 0.3567708333333333 0.17777777777777778 0.0796875
0 0.4703703703703704 0.29583333333333334 0.14814814814814814 0.07760416666666667
0 0.20925925925925926 0.49322916666666666 0.15 0.084375
0 0.8166666666666667 0.7 0.1425925925925926 0.0671875
0 0.5953703703703703 0.5708333333333333 0.14814814814814814 0.0953125
0 0.8731481481481481 0.5505208333333333 0.16944444444444445 0.0859375
1 0.040740740740740744 0.2984375 0.06851851851851852 0.0578125
1 0.09351851851851851 0.19114583333333332 0.09722222222222222 0.09427083333333333
0 0.3731481481481482 0.19635416666666666 0.14351851851851852 0.11510416666666666
0 0.3055555555555556 0.6244791666666667 0.14166666666666666 0.08333333333333333
0 0.20462962962962963 0.36875 0.1037037037037037 0.0640625
0 0.03611111111111111 0.6239583333333333 0.0712962962962963 0.1015625
1 0.07685185185185185 0.45677083333333335 0.15185185185185185 0.029166666666666667
