1 0.4609375 0.9277777777777778 0.044270833333333336 0.125
1 0.7161458333333334 0.16203703703703703 0.06979166666666667 0.08796296296296297
1 0.5942708333333333 0.4287037037037037 0.06354166666666666 0.0962962962962963
1 0.759375 0.7814814814814814 0.065625 0.08981481481481482
1 0.30104166666666665 0.25092592592592594 0.08229166666666667 0.1
1 0.7645833333333333 0.5981481481481481 0.034895833333333334 0.11944444444444445
1 0.3489583333333333 0.4935185185185185 0.03854166666666667 0.13703703703703704
1 0.34427083333333336 0.9296296296296296 0.05260416666666667 0.12962962962962962
1 0.4083333333333333 0.6277777777777778 0.0546875 0.1388888888888889
1 0.46510416666666665 0.06759259259259259 0.04010416666666667 0.1361111111111111
1 0.696875 0.5305555555555556 0.05677083333333333 0.18055555555555555
1 0.6927083333333334 0.9064814814814814 0.04739583333333333 0.06851851851851852
1 0.565625 0.7018518518518518 0.059895833333333336 0.08796296296296297
1 0.621875 0.05648148148148148 0.0359375 0.11388888888888889
1 0.7276041666666667 0.42962962962962964 0.04739583333333333 0.1388888888888889
