1 0.8951822916666666 0.2037037037037037 0.087890625 0.1111111111111111
1 0.7428385416666666 0.5358796296296297 0.080078125 0.12152777777777778
1 0.94921875 0.9606481481481481 0.08268229166666667 0.0787037037037037
1 0.3763020833333333 0.3136574074074074 0.103515625 0.1261574074074074
1 0.9563802083333334 0.7488425925925926 0.044270833333333336 0.15046296296296297
1 0.4361979166666667 0.6168981481481481 0.048828125 0.1724537037037037
1 0.5110677083333334 0.7847222222222222 0.06901041666666667 0.17476851851851852
1 0.58203125 0.08564814814814815 0.05078125 0.1712962962962963
1 0.8717447916666666 0.6643518518518519 0.07161458333333333 0.22685185185185186
1 0.7076822916666666 0.8784722222222222 0.07552083333333333 0.1111111111111111
1 0.7779947916666666 0.07175925925925926 0.045572916666666664 0.14351851851851852
1 0.91015625 0.5370370370370371 0.059895833333333336 0.17476851851851852
