1 0.07222222222222222 0.46145833333333336 0.1259259259259259 0.04479166666666667
1 0.8379629629629629 0.7161458333333334 0.08888888888888889 0.0703125
1 0.5712962962962963 0.5942708333333333 0.09722222222222222 0.0640625
1 0.21851851851851853 0.759375 0.09074074074074075 0.06614583333333333
1 0.7490740740740741 0.30104166666666665 0.10092592592592593 0.0828125
1 0.40185185185185185 0.7651041666666667 0.12037037037037036 0.035416666666666666
1 0.5064814814814815 0.3489583333333333 0.13796296296296295 0.0390625
1 0.07037037037037037 0.34479166666666666 0.13055555555555556 0.053125
1 0.37222222222222223 0.4088541666666667 0.1398148148148148 0.05520833333333333
1 0.9314814814814815 0.465625 0.1361111111111111 0.040625
1 0.46944444444444444 0.6973958333333333 0.1814814814814815 0.057291666666666664
1 0.09351851851851851 0.6932291666666667 0.06944444444444445 0.04791666666666667
1 0.29814814814814816 0.5661458333333333 0.08888888888888889 0.06041666666666667
1 0.9425925925925925 0.6223958333333334 0.11388888888888889 0.036458333333333336
1 0.5703703703703704 0.728125 0.1398148148148148 0.04791666666666667
