0 0.08385416666666666 0.37037037037037035 0.0515625 0.0962962962962963
1 0.665625 0.5657407407407408 0.0546875 0.07685185185185185
1 0.9411458333333333 0.5064814814814815 0.050520833333333334 0.05648148148148148
1 0.7723958333333333 0.4398148148148148 0.03125 0.10740740740740741
1 0.8572916666666667 0.6833333333333333 0.044270833333333336 0.06481481481481481
1 0.6682291666666667 0.3990740740740741 0.03333333333333333 0.1037037037037037
1 0.8765625 0.42962962962962964 0.033854166666666664 0.0824074074074074
0 0.07604166666666666 0.712037037037037 0.059895833333333336 0.09907407407407408
1 0.9692708333333333 0.9268518518518518 0.0421875 0.058333333333333334
1 0.28020833333333334 0.3101851851851852 0.046875 0.09259259259259259
1 0.32447916666666665 0.7787037037037037 0.059895833333333336 0.05462962962962963
1 0.9723958333333333 0.8046296296296296 0.021354166666666667 0.08055555555555556
1 0.0703125 0.8657407407407407 0.04895833333333333 0.11203703703703703
1 0.1625 0.5527777777777778 0.03958333333333333 0.09166666666666666
1 0.6895833333333333 0.725 0.0296875 0.09259259259259259
1 0.85 0.8722222222222222 0.03229166666666667 0.06388888888888888
1 0.7322916666666667 0.8055555555555556 0.041666666666666664 0.07314814814814814
1 0.1671875 0.9611111111111111 0.053125 0.07222222222222222
0 0.22239583333333332 0.6111111111111112 0.06927083333333334 0.10648148148148148
1 0.9380208333333333 0.6851851851851852 0.0421875 0.10092592592592593
1 0.9213541666666667 0.7537037037037037 0.05 0.11944444444444445
