0 0.6296296296296297 0.084375 0.09722222222222222 0.052083333333333336
1 0.43425925925925923 0.6661458333333333 0.07777777777777778 0.05520833333333333
1 0.4935185185185185 0.9416666666666667 0.05740740740740741 0.051041666666666666
1 0.5601851851851852 0.7723958333333333 0.10833333333333334 0.03177083333333333
1 0.31666666666666665 0.8578125 0.06574074074074074 0.04479166666666667
1 0.600925925925926 0.6682291666666667 0.10462962962962963 0.033854166666666664
1 0.5703703703703704 0.8770833333333333 0.08333333333333333 0.034375
0 0.287962962962963 0.0765625 0.1 0.06041666666666667
1 0.07314814814814814 0.9697916666666667 0.05925925925925926 0.042708333333333334
1 0.6898148148148148 0.28020833333333334 0.09351851851851851 0.04739583333333333
1 0.2212962962962963 0.325 0.05555555555555555 0.06041666666666667
1 0.19537037037037036 0.9729166666666667 0.08148148148148149 0.021875
1 0.13425925925925927 0.0703125 0.11296296296296296 0.049479166666666664
1 0.44722222222222224 0.1625 0.09259259259259259 0.04010416666666667
1 0.275 0.6901041666666666 0.09351851851851851 0.030208333333333334
1 0.12777777777777777 0.85 0.06481481481481481 0.0328125
1 0.19444444444444445 0.7322916666666667 0.07407407407407407 0.0421875
1 0.03888888888888889 0.1671875 0.07314814814814814 0.05364583333333333
0 0.3888888888888889 0.22291666666666668 0.10740740740740741 0.06979166666666667
1 0.3148148148148148 0.9385416666666667 0.10185185185185185 0.042708333333333334
1 0.2462962962962963 0.9213541666666667 0.12037037037037036 0.050520833333333334
