0 0.10546875 0.46296296296296297 0.06510416666666667 0.12152777777777778
1 0.8326822916666666 0.7083333333333334 0.06901041666666667 0.09722222222222222
1 0.9654947916666666 0.5497685185185185 0.039713541666666664 0.13541666666666666
1 0.8352864583333334 0.4988425925925926 0.042317708333333336 0.13078703703703703
0 0.095703125 0.8912037037037037 0.07552083333333333 0.125
1 0.3502604166666667 0.38773148148148145 0.059244791666666664 0.11689814814814815
1 0.40625 0.9699074074074074 0.07552083333333333 0.06018518518518518
1 0.203125 0.6921296296296297 0.050130208333333336 0.11574074074074074
1 0.8626302083333334 0.90625 0.037760416666666664 0.11689814814814815
1 0.9153645833333334 0.9803240740740741 0.052734375 0.03819444444444445
0 0.2786458333333333 0.7650462962962963 0.08723958333333333 0.13425925925925927
