0 0.10208333333333333 0.4388888888888889 0.06927083333333334 0.13796296296296295
0 0.7333333333333333 0.7916666666666666 0.04791666666666667 0.10555555555555556
0 0.021354166666666667 0.14166666666666666 0.040625 0.11666666666666667
0 0.8703125 0.2759259259259259 0.06927083333333334 0.0962962962962963
0 0.13020833333333334 0.12685185185185185 0.06354166666666666 0.0962962962962963
0 0.21666666666666667 0.8712962962962963 0.0625 0.10740740740740741
0 0.2557291666666667 0.3527777777777778 0.06354166666666666 0.11388888888888889
0 0.13645833333333332 0.6768518518518518 0.051041666666666666 0.1037037037037037
0 0.0640625 0.6777777777777778 0.06354166666666666 0.11388888888888889
0 0.3151041666666667 0.7907407407407407 0.058854166666666666 0.10277777777777777
0 0.7270833333333333 0.19722222222222222 0.06979166666666667 0.12129629629629629
0 0.37395833333333334 0.38981481481481484 0.0609375 0.11481481481481481
0 0.12083333333333333 0.8824074074074074 0.04375 0.07777777777777778
0 0.265625 0.5703703703703704 0.06927083333333334 0.11666666666666667
1 0.8734375 0.4148148148148148 0.06927083333333334 0.10925925925925926
0 0.9609375 0.3592592592592593 0.0671875 0.10277777777777777
0 0.025 0.37037037037037035 0.049479166666666664 0.12037037037037036
1 0.7385416666666667 0.5768518518518518 0.06145833333333333 0.06111111111111111
0 0.7234375 0.9666666666666667 0.07708333333333334 0.06388888888888888
0 0.2552083333333333 0.12407407407407407 0.07291666666666667 0.10833333333333334
1 0.9182291666666667 0.5879629629629629 0.051041666666666666 0.0712962962962963
1 0.18229166666666666 0.9611111111111111 0.0359375 0.075
0 0.005729166666666666 0.5435185185185185 0.011979166666666667 0.06851851851851852
