0 0.12825520833333334 0.5497685185185185 0.08723958333333333 0.1736111111111111
0 0.9166666666666666 0.9618055555555556 0.060546875 0.0763888888888889
0 0.026692708333333332 0.17708333333333334 0.051432291666666664 0.14699074074074073
0 0.16276041666666666 0.15856481481481483 0.080078125 0.12152777777777778
0 0.3196614583333333 0.44212962962962965 0.080078125 0.14351851851851852
0 0.17057291666666666 0.8460648148148148 0.064453125 0.13078703703703703
0 0.080078125 0.8483796296296297 0.080078125 0.14351851851851852
0 0.39453125 0.9618055555555556 0.07421875 0.07523148148148148
0 0.9088541666666666 0.24768518518518517 0.087890625 0.1527777777777778
0 0.4680989583333333 0.48726851851851855 0.07682291666666667 0.14467592592592593
0 0.3326822916666667 0.7129629629629629 0.08723958333333333 0.14699074074074073
0 0.031901041666666664 0.46296296296296297 0.0625 0.15162037037037038
1 0.9231770833333334 0.7210648148148148 0.07747395833333333 0.0775462962962963
0 0.3190104166666667 0.15625 0.091796875 0.13657407407407407
0 0.0078125 0.6793981481481481 0.015625 0.08680555555555555
