0 0.5611111111111111 0.10260416666666666 0.1388888888888889 0.06979166666666667
0 0.20833333333333334 0.7333333333333333 0.10648148148148148 0.0484375
0 0.8583333333333333 0.021354166666666667 0.1175925925925926 0.04114583333333333
0 0.7240740740740741 0.8708333333333333 0.09722222222222222 0.06979166666666667
0 0.8731481481481481 0.13020833333333334 0.09722222222222222 0.0640625
0 0.1287037037037037 0.21666666666666667 0.10833333333333334 0.06302083333333333
0 0.6472222222222223 0.2557291666666667 0.11481481481481481 0.0640625
0 0.32314814814814813 0.13645833333333332 0.10462962962962963 0.0515625
0 0.32222222222222224 0.0640625 0.11481481481481481 0.0640625
0 0.20925925925925926 0.315625 0.1037037037037037 0.059375
0 0.8027777777777778 0.7270833333333333 0.12222222222222222 0.0703125
0 0.6101851851851852 0.37447916666666664 0.11574074074074074 0.06145833333333333
0 0.1175925925925926 0.12083333333333333 0.0787037037037037 0.044270833333333336
0 0.42962962962962964 0.26614583333333336 0.1175925925925926 0.06979166666666667
1 0.5851851851851851 0.8739583333333333 0.11018518518518519 0.06979166666666667
0 0.6407407407407407 0.9614583333333333 0.1037037037037037 0.06770833333333333
0 0.6296296296296297 0.025520833333333333 0.12129629629629629 0.05
1 0.42314814814814816 0.7385416666666667 0.062037037037037036 0.06197916666666667
0 0.03333333333333333 0.7234375 0.06481481481481481 0.07760416666666667
0 0.8759259259259259 0.2552083333333333 0.10925925925925926 0.0734375
1 0.41203703703703703 0.9182291666666667 0.07222222222222222 0.0515625
1 0.03888888888888889 0.1828125 0.07592592592592592 0.036458333333333336
0 0.4564814814814815 0.00625 0.06944444444444445 0.0125
