0 0.9109375 0.8388888888888889 0.06041666666666667 0.11574074074074074
0 0.9739583333333334 0.40555555555555556 0.04375 0.09259259259259259
1 0.14375 0.9416666666666667 0.05520833333333333 0.10185185185185185
0 0.8723958333333334 0.5120370370370371 0.059895833333333336 0.1259259259259259
1 0.9848958333333333 0.075 0.029166666666666667 0.12407407407407407
1 0.26614583333333336 0.40925925925925927 0.059375 0.12222222222222222
0 0.8536458333333333 0.7185185185185186 0.09635416666666667 0.14444444444444443
1 0.19322916666666667 0.7453703703703703 0.07083333333333333 0.0712962962962963
1 0.896875 0.26666666666666666 0.07708333333333334 0.1175925925925926
1 0.45989583333333334 0.41944444444444445 0.04583333333333333 0.13425925925925927
1 0.4817708333333333 0.6638888888888889 0.0421875 0.08796296296296297
1 0.28489583333333335 0.20555555555555555 0.034895833333333334 0.06574074074074074
1 0.18177083333333333 0.5222222222222223 0.07447916666666667 0.08518518518518518
1 0.4869791666666667 0.08425925925925926 0.03958333333333333 0.09537037037037037
1 0.3807291666666667 0.058333333333333334 0.05625 0.09814814814814815
1 0.35885416666666664 0.3990740740740741 0.06510416666666667 0.1111111111111111
1 0.36822916666666666 0.5814814814814815 0.0546875 0.11944444444444445
1 0.5015625 0.21388888888888888 0.0578125 0.15
1 0.17604166666666668 0.1648148148148148 0.08229166666666667 0.125
1 0.2838541666666667 0.7657407407407407 0.04635416666666667 0.11574074074074074
1 0.35104166666666664 0.8166666666666667 0.04583333333333333 0.1398148148148148
1 0.4192708333333333 0.8796296296296297 0.0765625 0.11944444444444445
