0 0.16111111111111112 0.9109375 0.11666666666666667 0.0609375
0 0.5944444444444444 0.9739583333333334 0.09351851851851851 0.044270833333333336
1 0.058333333333333334 0.14375 0.10277777777777777 0.05572916666666667
0 0.487962962962963 0.8729166666666667 0.12685185185185185 0.06041666666666667
1 0.925 0.9848958333333333 0.125 0.0296875
1 0.5907407407407408 0.26614583333333336 0.12314814814814815 0.059895833333333336
0 0.2814814814814815 0.8541666666666666 0.14537037037037037 0.096875
1 0.25462962962962965 0.19322916666666667 0.07222222222222222 0.07135416666666666
1 0.7333333333333333 0.896875 0.11851851851851852 0.07760416666666667
1 0.5805555555555556 0.45989583333333334 0.13518518518518519 0.04635416666666667
1 0.33611111111111114 0.4822916666666667 0.08888888888888889 0.042708333333333334
1 0.7944444444444444 0.28541666666666665 0.06666666666666667 0.035416666666666666
1 0.4777777777777778 0.18229166666666666 0.08611111111111111 0.075
1 0.9157407407407407 0.4869791666666667 0.0962962962962963 0.04010416666666667
1 0.9416666666666667 0.3807291666666667 0.09907407407407408 0.05677083333333333
1 0.600925925925926 0.359375 0.11203703703703703 0.065625
1 0.4185185185185185 0.36875 0.12037037037037036 0.05520833333333333
1 0.7861111111111111 0.5020833333333333 0.15092592592592594 0.058333333333333334
1 0.8351851851851851 0.17604166666666668 0.1259259259259259 0.0828125
1 0.23425925925925925 0.284375 0.11666666666666667 0.046875
1 0.18333333333333332 0.35104166666666664 0.14074074074074075 0.04635416666666667
1 0.12037037037037036 0.4197916666666667 0.12037037037037036 0.07708333333333334
