1 0.3326822916666667 0.5115740740740741 0.07486979166666667 0.15393518518518517
1 0.24153645833333334 0.9328703703703703 0.08919270833333333 0.09027777777777778
1 0.5748697916666666 0.5254629629629629 0.057942708333333336 0.16898148148148148
1 0.6028645833333334 0.8310185185185185 0.053385416666666664 0.1111111111111111
1 0.3567708333333333 0.25810185185185186 0.044270833333333336 0.08333333333333333
1 0.22786458333333334 0.6527777777777778 0.09375 0.1076388888888889
1 0.6087239583333334 0.10648148148148148 0.050130208333333336 0.12037037037037036
1 0.4759114583333333 0.07291666666666667 0.07096354166666667 0.12384259259259259
1 0.44921875 0.4988425925925926 0.08203125 0.1400462962962963
1 0.4609375 0.7280092592592593 0.06901041666666667 0.15046296296296297
1 0.6276041666666666 0.2673611111111111 0.07291666666666667 0.1886574074074074
1 0.22005208333333334 0.20717592592592593 0.103515625 0.1574074074074074
1 0.35546875 0.9421296296296297 0.05859375 0.11458333333333333
1 0.4388020833333333 0.9664351851851852 0.057942708333333336 0.06597222222222222
