1 0.1125 0.75 0.04114583333333333 0.11574074074074074
1 0.3567708333333333 0.6833333333333333 0.05364583333333333 0.04351851851851852
1 0.059895833333333336 0.9083333333333333 0.0671875 0.05555555555555555
1 0.26875 0.962037037037037 0.051041666666666666 0.07314814814814814
1 0.45208333333333334 0.6787037037037037 0.027604166666666666 0.09722222222222222
1 0.8 0.8759259259259259 0.03177083333333333 0.08055555555555556
1 0.30885416666666665 0.7824074074074074 0.04479166666666667 0.08148148148148149
1 0.25104166666666666 0.7453703703703703 0.07135416666666666 0.06018518518518518
1 0.5161458333333333 0.8157407407407408 0.03697916666666667 0.07962962962962963
0 0.9859375 0.8407407407407408 0.025520833333333333 0.08425925925925926
0 0.8901041666666667 0.9611111111111111 0.04479166666666667 0.07407407407407407
1 0.6640625 0.6703703703703704 0.034895833333333334 0.06018518518518518
1 0.5583333333333333 0.6425925925925926 0.0609375 0.13148148148148148
1 0.81875 0.6935185185185185 0.034375 0.10648148148148148
1 0.6234375 0.924074074074074 0.0453125 0.0787037037037037
1 0.6817708333333333 0.7648148148148148 0.0375 0.07037037037037037
0 0.9895833333333334 0.9740740740740741 0.019791666666666666 0.05
0 0.9447916666666667 0.6768518518518518 0.052083333333333336 0.23425925925925925
