1 0.25 0.11302083333333333 0.11666666666666667 0.041666666666666664
1 0.31666666666666665 0.3572916666666667 0.044444444444444446 0.05416666666666667
1 0.09166666666666666 0.06041666666666667 0.05648148148148148 0.06770833333333333
1 0.03796296296296296 0.26875 0.07407407407407407 0.0515625
1 0.3212962962962963 0.45260416666666664 0.09814814814814815 0.028125
1 0.12407407407407407 0.8005208333333333 0.08148148148148149 0.03229166666666667
1 0.2175925925925926 0.30885416666666665 0.0824074074074074 0.0453125
1 0.25462962962962965 0.2515625 0.06111111111111111 0.071875
1 0.18425925925925926 0.5166666666666667 0.08055555555555556 0.0375
0 0.15925925925925927 0.9864583333333333 0.08518518518518518 0.026041666666666668
0 0.03888888888888889 0.8901041666666667 0.075 0.0453125
1 0.3296296296296296 0.6645833333333333 0.06111111111111111 0.035416666666666666
1 0.3574074074074074 0.5588541666666667 0.13240740740740742 0.06145833333333333
1 0.30648148148148147 0.81875 0.10740740740740741 0.034895833333333334
1 0.07592592592592592 0.6239583333333333 0.07962962962962963 0.04583333333333333
1 0.2351851851851852 0.6817708333333333 0.0712962962962963 0.03802083333333333
0 0.025925925925925925 0.9895833333333334 0.05092592592592592 0.0203125
0 0.32314814814814813 0.9447916666666667 0.2351851851851852 0.05260416666666667
