0 0.3671875 0.8398148148148148 0.08802083333333334 0.16666666666666666
0 0.2875 0.4648148148148148 0.08385416666666666 0.15555555555555556
0 0.8744791666666667 0.34629629629629627 0.08072916666666667 0.16666666666666666
0 0.7708333333333334 0.49074074074074076 0.059375 0.09814814814814815
1 0.7255208333333333 0.6777777777777778 0.03854166666666667 0.12685185185185185
0 0.8791666666666667 0.812962962962963 0.0515625 0.10462962962962963
0 0.49322916666666666 0.8685185185185185 0.0640625 0.10277777777777777
0 0.0875 0.8490740740740741 0.06614583333333333 0.10648148148148148
1 0.6390625 0.4111111111111111 0.08333333333333333 0.09907407407407408
1 0.034375 0.40925925925925927 0.06458333333333334 0.1361111111111111
1 0.43072916666666666 0.3055555555555556 0.036458333333333336 0.14907407407407408
1 0.18072916666666666 0.6787037037037037 0.049479166666666664 0.10185185185185185
1 0.56875 0.6453703703703704 0.050520833333333334 0.10925925925925926
0 0.9859375 0.3814814814814815 0.025520833333333333 0.12407407407407407
