0 0.16018518518518518 0.36770833333333336 0.1675925925925926 0.08854166666666667
0 0.5351851851851852 0.28802083333333334 0.15648148148148147 0.084375
0 0.6537037037037037 0.875 0.1675925925925926 0.08125
0 0.5092592592592593 0.7708333333333334 0.09907407407407408 0.059895833333333336
1 0.32222222222222224 0.7255208333333333 0.12777777777777777 0.0390625
0 0.18703703703703703 0.8796875 0.10555555555555556 0.052083333333333336
0 0.13148148148148148 0.49375 0.1037037037037037 0.06458333333333334
0 0.15092592592592594 0.08802083333333334 0.10740740740740741 0.06666666666666667
1 0.5888888888888889 0.6390625 0.1 0.08385416666666666
1 0.5907407407407408 0.034375 0.13703703703703704 0.06510416666666667
1 0.6944444444444444 0.43072916666666666 0.15 0.03697916666666667
1 0.3212962962962963 0.18125 0.10277777777777777 0.05
1 0.35462962962962963 0.5692708333333333 0.11018518518518519 0.051041666666666666
0 0.6185185185185185 0.9864583333333333 0.125 0.026041666666666668
