0 0.4596354166666667 0.9722222222222222 0.11067708333333333 0.05439814814814815
0 0.3600260416666667 0.5810185185185185 0.10546875 0.19560185185185186
0 0.962890625 0.6134259259259259 0.07356770833333333 0.12384259259259259
1 0.9069010416666666 0.8483796296296297 0.048828125 0.1597222222222222
0 0.11002604166666667 0.9976851851851852 0.08333333333333333 0.004629629629629629
1 0.798828125 0.5150462962962963 0.10481770833333333 0.125
1 0.04296875 0.5127314814814815 0.08138020833333333 0.1712962962962963
1 0.5384114583333334 0.38310185185185186 0.046223958333333336 0.1875
1 0.2265625 0.8483796296296297 0.0625 0.1284722222222222
1 0.7115885416666666 0.8067129629629629 0.06380208333333333 0.13773148148148148
