0 0.8963541666666667 0.6666666666666666 0.065625 0.1425925925925926
0 0.13020833333333334 0.1787037037037037 0.0765625 0.11203703703703703
0 0.8614583333333333 0.8629629629629629 0.05260416666666667 0.09351851851851851
0 0.4005208333333333 0.7157407407407408 0.0796875 0.10925925925925926
0 0.9473958333333333 0.8657407407407407 0.059895833333333336 0.10740740740740741
0 0.8182291666666667 0.6546296296296297 0.05416666666666667 0.13518518518518519
1 0.8229166666666666 0.9694444444444444 0.042708333333333334 0.05555555555555555
1 0.73125 0.9305555555555556 0.06614583333333333 0.08055555555555556
0 0.7421875 0.48703703703703705 0.084375 0.11666666666666667
0 0.7302083333333333 0.7185185185185186 0.051041666666666666 0.09259259259259259
0 0.2046875 0.9629629629629629 0.0578125 0.07037037037037037
0 0.7973958333333333 0.2953703703703704 0.06770833333333333 0.10555555555555556
0 0.3411458333333333 0.3527777777777778 0.050520833333333334 0.11481481481481481
0 0.21875 0.287962962962963 0.06041666666666667 0.10648148148148148
0 0.9369791666666667 0.044444444444444446 0.06614583333333333 0.08888888888888889
0 0.8588541666666667 0.39166666666666666 0.08802083333333334 0.12222222222222222
0 0.7822916666666667 0.06759259259259259 0.07604166666666666 0.13518518518518519
0 0.013020833333333334 0.7925925925925926 0.026041666666666668 0.13148148148148148
1 0.1625 0.5259259259259259 0.0625 0.0787037037037037
1 0.11614583333333334 0.30833333333333335 0.043229166666666666 0.10462962962962963
0 0.9880208333333333 0.287962962962963 0.022916666666666665 0.12314814814814815
1 0.9296875 0.9490740740740741 0.0390625 0.09907407407407408
1 0.016145833333333335 0.5314814814814814 0.0328125 0.08888888888888889
0 0.005729166666666666 0.14907407407407408 0.011979166666666667 0.09907407407407408
