0 0.3333333333333333 0.8963541666666667 0.14351851851851852 0.06614583333333333
0 0.8212962962962963 0.13072916666666667 0.11296296296296296 0.07708333333333334
0 0.13703703703703704 0.8619791666666666 0.09444444444444444 0.053125
0 0.28425925925925927 0.4010416666666667 0.11018518518518519 0.08020833333333334
0 0.13425925925925927 0.9479166666666666 0.10833333333333334 0.06041666666666667
0 0.3453703703703704 0.8182291666666667 0.1361111111111111 0.0546875
1 0.030555555555555555 0.8229166666666666 0.05648148148148148 0.043229166666666666
1 0.06944444444444445 0.7317708333333334 0.08148148148148149 0.06666666666666667
0 0.512962962962963 0.7421875 0.1175925925925926 0.08489583333333334
0 0.2814814814814815 0.7302083333333333 0.09351851851851851 0.0515625
0 0.037037037037037035 0.20520833333333333 0.0712962962962963 0.058333333333333334
0 0.7046296296296296 0.7973958333333333 0.10648148148148148 0.06822916666666666
0 0.6472222222222223 0.3416666666666667 0.11574074074074074 0.051041666666666666
0 0.712037037037037 0.21875 0.10740740740740741 0.0609375
0 0.9555555555555556 0.9375 0.08888888888888889 0.06666666666666667
0 0.6083333333333333 0.859375 0.12314814814814815 0.08854166666666667
0 0.9324074074074075 0.7822916666666667 0.13518518518518519 0.0765625
0 0.2074074074074074 0.013020833333333334 0.13240740740740742 0.0265625
1 0.4740740740740741 0.1625 0.07962962962962963 0.06302083333333333
1 0.6916666666666667 0.11666666666666667 0.10555555555555556 0.04375
0 0.712037037037037 0.9880208333333333 0.12407407407407407 0.0234375
1 0.05092592592592592 0.9302083333333333 0.1 0.03958333333333333
1 0.4685185185185185 0.016666666666666666 0.08981481481481482 0.03333333333333333
0 0.850925925925926 0.00625 0.1 0.0125
