0 0.16341145833333334 0.22453703703703703 0.09635416666666667 0.1412037037037037
0 0.5013020833333334 0.8946759259259259 0.10026041666666667 0.13773148148148148
0 0.994140625 0.8182870370370371 0.011067708333333334 0.1701388888888889
0 0.927734375 0.6087962962962963 0.10611979166666667 0.14699074074074073
0 0.9127604166666666 0.8981481481481481 0.064453125 0.11689814814814815
0 0.9772135416666666 0.36921296296296297 0.045572916666666664 0.13310185185185186
0 0.4270833333333333 0.4409722222222222 0.06380208333333333 0.14467592592592593
0 0.2734375 0.3611111111111111 0.076171875 0.13425925925925927
0 0.96484375 0.08449074074074074 0.06966145833333333 0.1701388888888889
0 0.016276041666666668 0.9537037037037037 0.033203125 0.09143518518518519
1 0.203125 0.6585648148148148 0.07877604166666667 0.09953703703703703
1 0.14583333333333334 0.38657407407407407 0.0546875 0.13194444444444445
1 0.020833333333333332 0.6643518518518519 0.041666666666666664 0.11226851851851852
0 0.0078125 0.1875 0.015625 0.125
