0 0.5453703703703704 0.17291666666666666 0.09722222222222222 0.06875
0 0.2111111111111111 0.6848958333333334 0.09537037037037037 0.07291666666666667
0 0.5564814814814815 0.7119791666666667 0.1175925925925926 0.0625
0 0.14629629629629629 0.9291666666666667 0.0962962962962963 0.05572916666666667
0 0.4666666666666667 0.8104166666666667 0.09351851851851851 0.058333333333333334
0 0.34814814814814815 0.8541666666666666 0.1 0.06458333333333334
0 0.5638888888888889 0.0375 0.12129629629629629 0.0671875
1 0.27037037037037037 0.0578125 0.06944444444444445 0.06302083333333333
0 0.3712962962962963 0.7276041666666667 0.1 0.05416666666666667
0 0.04351851851851852 0.040625 0.08518518518518518 0.07291666666666667
0 0.2722222222222222 0.7744791666666667 0.10185185185185185 0.07083333333333333
0 0.11666666666666667 0.39479166666666665 0.10092592592592593 0.06666666666666667
0 0.5472222222222223 0.8994791666666667 0.10092592592592593 0.0640625
0 0.044444444444444446 0.7807291666666667 0.08703703703703704 0.05677083333333333
0 0.05 0.7276041666666667 0.09814814814814815 0.05625
1 0.44074074074074077 0.15833333333333333 0.0787037037037037 0.033854166666666664
