0 0.17239583333333333 0.4546296296296296 0.06822916666666666 0.0962962962962963
0 0.684375 0.7888888888888889 0.07239583333333334 0.09444444444444444
0 0.7114583333333333 0.44351851851851853 0.06197916666666667 0.11666666666666667
0 0.9291666666666667 0.8537037037037037 0.05520833333333333 0.09537037037037037
0 0.8098958333333334 0.5333333333333333 0.0578125 0.09259259259259259
0 0.8536458333333333 0.6518518518518519 0.0640625 0.09907407407407408
0 0.0375 0.4361111111111111 0.06666666666666667 0.12037037037037036
1 0.0578125 0.7296296296296296 0.0625 0.06851851851851852
0 0.7270833333333333 0.6287037037037037 0.05364583333333333 0.09907407407407408
0 0.04010416666666667 0.9564814814814815 0.07239583333333334 0.08425925925925926
0 0.7739583333333333 0.7277777777777777 0.0703125 0.10092592592592593
0 0.39427083333333335 0.8833333333333333 0.06614583333333333 0.1
0 0.8994791666666667 0.4527777777777778 0.06354166666666666 0.1
0 0.7807291666666667 0.9555555555555556 0.05625 0.08611111111111111
0 0.7270833333333333 0.95 0.05572916666666667 0.09722222222222222
1 0.15833333333333333 0.5592592592592592 0.03333333333333333 0.07777777777777778
