1 0.4203703703703704 0.5671875 0.1037037037037037 0.07708333333333334
1 0.43425925925925923 0.28072916666666664 0.12777777777777777 0.071875
1 0.06018518518518518 0.24010416666666667 0.10833333333333334 0.08125
1 0.14166666666666666 0.5380208333333333 0.09722222222222222 0.06197916666666667
1 0.1962962962962963 0.059375 0.0824074074074074 0.07916666666666666
1 0.3962962962962963 0.7348958333333333 0.14907407407407408 0.05677083333333333
1 0.14351851851851852 0.8302083333333333 0.07407407407407407 0.07135416666666666
1 0.5037037037037037 0.425 0.14537037037037037 0.051041666666666666
1 0.21851851851851853 0.3625 0.1287037037037037 0.044270833333333336
1 0.44351851851851853 0.9791666666666666 0.08888888888888889 0.0390625
1 0.14444444444444443 0.6505208333333333 0.08981481481481482 0.04479166666666667
1 0.30185185185185187 0.8979166666666667 0.10462962962962963 0.035416666666666666
1 0.3907407407407407 0.030729166666666665 0.08703703703703704 0.06197916666666667
1 0.037037037037037035 0.9729166666666667 0.07314814814814814 0.053125
