1 0.5666666666666667 0.5796296296296296 0.0765625 0.10277777777777777
1 0.28020833333333334 0.5657407407407408 0.07135416666666666 0.12685185185185185
1 0.23958333333333334 0.9398148148148148 0.08072916666666667 0.10740740740740741
1 0.5380208333333333 0.8583333333333333 0.06145833333333333 0.0962962962962963
1 0.058854166666666666 0.8037037037037037 0.07864583333333333 0.08148148148148149
1 0.7348958333333333 0.6037037037037037 0.05625 0.14814814814814814
1 0.8302083333333333 0.8564814814814815 0.07083333333333333 0.07314814814814814
1 0.4244791666666667 0.4962962962962963 0.050520833333333334 0.14444444444444443
1 0.3625 0.7814814814814814 0.04375 0.12777777777777777
1 0.9791666666666666 0.5564814814814815 0.03854166666666667 0.08796296296296297
1 0.65 0.8555555555555555 0.044270833333333336 0.08888888888888889
1 0.8973958333333333 0.6981481481481482 0.034895833333333334 0.1037037037037037
1 0.030729166666666665 0.6092592592592593 0.06145833333333333 0.08611111111111111
1 0.9723958333333333 0.9629629629629629 0.05260416666666667 0.07222222222222222
