0 0.9229166666666667 0.37777777777777777 0.049479166666666664 0.11481481481481481
0 0.8901041666666667 0.17685185185185184 0.0671875 0.1388888888888889
0 0.9776041666666667 0.09351851851851851 0.043229166666666666 0.12314814814814815
1 0.5864583333333333 0.21851851851851853 0.06666666666666667 0.06018518518518518
1 0.21041666666666667 0.31851851851851853 0.0546875 0.0824074074074074
1 0.265625 0.9231481481481482 0.052083333333333336 0.05092592592592592
0 0.68125 0.4425925925925926 0.05364583333333333 0.07777777777777778
1 0.5890625 0.05925925925925926 0.04635416666666667 0.06018518518518518
1 0.17083333333333334 0.9648148148148148 0.027604166666666666 0.06111111111111111
0 0.20729166666666668 0.046296296296296294 0.03125 0.09259259259259259
1 0.38229166666666664 0.31203703703703706 0.07864583333333333 0.06944444444444445
1 0.459375 0.36203703703703705 0.0359375 0.1574074074074074
1 0.3770833333333333 0.9824074074074074 0.0640625 0.03333333333333333
1 0.053125 0.13425925925925927 0.06666666666666667 0.07222222222222222
1 0.029166666666666667 0.28703703703703703 0.058854166666666666 0.06018518518518518
1 0.46145833333333336 0.08703703703703704 0.0390625 0.0824074074074074
0 0.013541666666666667 0.037037037037037035 0.027604166666666666 0.05
