0 0.6222222222222222 0.9234375 0.11574074074074074 0.05
0 0.8231481481481482 0.890625 0.1398148148148148 0.06770833333333333
0 0.9064814814814814 0.978125 0.12407407407407407 0.04375
1 0.7814814814814814 0.5864583333333333 0.06111111111111111 0.0671875
1 0.6814814814814815 0.2109375 0.08333333333333333 0.05520833333333333
1 0.07685185185185185 0.265625 0.05185185185185185 0.05260416666666667
0 0.5574074074074075 0.6817708333333333 0.0787037037037037 0.05416666666666667
1 0.9407407407407408 0.5895833333333333 0.06111111111111111 0.046875
1 0.03518518518518519 0.17135416666666667 0.062037037037037036 0.028125
0 0.9537037037037037 0.20729166666666668 0.09259259259259259 0.03177083333333333
1 0.687962962962963 0.3828125 0.07037037037037037 0.07916666666666666
1 0.637962962962963 0.45989583333333334 0.15833333333333333 0.036458333333333336
1 0.017592592592592594 0.3776041666666667 0.03425925925925926 0.06458333333333334
1 0.8657407407407407 0.053125 0.07314814814814814 0.0671875
1 0.7129629629629629 0.0296875 0.06111111111111111 0.059375
1 0.912962962962963 0.46197916666666666 0.08333333333333333 0.03958333333333333
0 0.9629629629629629 0.0140625 0.05092592592592592 0.028125
