1 0.7330729166666666 0.2743055555555556 0.083984375 0.0763888888888889
1 0.263671875 0.3993055555555556 0.06901041666666667 0.10416666666666667
0 0.8522135416666666 0.5532407407407407 0.06770833333333333 0.09837962962962964
1 0.7369791666666666 0.07523148148148148 0.05859375 0.0763888888888889
0 0.2591145833333333 0.05787037037037037 0.039713541666666664 0.11689814814814815
1 0.478515625 0.3912037037037037 0.09895833333333333 0.08796296296296297
1 0.5748697916666666 0.4525462962962963 0.045572916666666664 0.19791666666666666
1 0.06640625 0.16782407407407407 0.083984375 0.09143518518518519
1 0.037109375 0.3599537037037037 0.07421875 0.0763888888888889
1 0.5774739583333334 0.1099537037037037 0.049479166666666664 0.10416666666666667
0 0.017578125 0.046296296296296294 0.03515625 0.06365740740740741
