0 0.6398148148148148 0.196875 0.14537037037037037 0.09114583333333333
0 0.712037037037037 0.32760416666666664 0.11851851851851852 0.08333333333333333
0 0.8361111111111111 0.13541666666666666 0.1814814814814815 0.07604166666666666
0 0.1814814814814815 0.38229166666666664 0.10555555555555556 0.0546875
1 0.22870370370370371 0.86875 0.1175925925925926 0.0421875
0 0.40925925925925927 0.04895833333333333 0.15 0.0984375
1 0.06574074074074074 0.9666666666666667 0.06296296296296296 0.03854166666666667
1 0.850925925925926 0.9458333333333333 0.10092592592592593 0.028125
1 0.12407407407407407 0.7885416666666667 0.06111111111111111 0.0671875
1 0.21944444444444444 0.946875 0.11851851851851852 0.0515625
1 0.48703703703703705 0.809375 0.05092592592592592 0.06197916666666667
1 0.42777777777777776 0.8609375 0.05277777777777778 0.0234375
1 0.6388888888888888 0.9307291666666667 0.03888888888888889 0.059375
0 0.287962962962963 0.0640625 0.15833333333333333 0.07395833333333333
1 0.7888888888888889 0.8333333333333334 0.07407407407407407 0.05677083333333333
1 0.03888888888888889 0.029166666666666667 0.07592592592592592 0.058854166666666666
1 0.9592592592592593 0.8010416666666667 0.08148148148148149 0.035416666666666666
1 0.9435185185185185 0.9015625 0.07222222222222222 0.06197916666666667
1 0.5638888888888889 0.9822916666666667 0.10462962962962963 0.035416666666666666
