0 0.196875 0.36018518518518516 0.090625 0.14444444444444443
0 0.32708333333333334 0.287962962962963 0.0828125 0.1175925925925926
0 0.13489583333333333 0.1638888888888889 0.07552083333333333 0.18055555555555555
0 0.38229166666666664 0.8185185185185185 0.05416666666666667 0.10462962962962963
1 0.86875 0.7712962962962963 0.041666666666666664 0.11666666666666667
0 0.04895833333333333 0.5907407407407408 0.09791666666666667 0.14907407407407408
1 0.9661458333333334 0.9342592592592592 0.03802083333333333 0.062037037037037036
1 0.9453125 0.14907407407407408 0.027604166666666666 0.1
1 0.7885416666666667 0.8759259259259259 0.06666666666666667 0.06018518518518518
1 0.946875 0.7805555555555556 0.051041666666666666 0.1175925925925926
1 0.809375 0.512962962962963 0.06145833333333333 0.05
1 0.8609375 0.5722222222222222 0.022916666666666665 0.05185185185185185
1 0.9302083333333333 0.3611111111111111 0.058854166666666666 0.03796296296296296
0 0.06354166666666666 0.712037037037037 0.0734375 0.1574074074074074
1 0.8333333333333334 0.2111111111111111 0.05625 0.07314814814814814
1 0.029166666666666667 0.9611111111111111 0.058333333333333334 0.075
1 0.8005208333333333 0.040740740740740744 0.034895833333333334 0.08148148148148149
1 0.9015625 0.05648148148148148 0.06145833333333333 0.0712962962962963
1 0.9822916666666667 0.4361111111111111 0.035416666666666666 0.1037037037037037
