1 0.890625 0.6518518518518519 0.04583333333333333 0.10462962962962963
0 0.6427083333333333 0.06481481481481481 0.06197916666666667 0.13055555555555556
0 0.5489583333333333 0.044444444444444446 0.0625 0.08888888888888889
0 0.26875 0.09259259259259259 0.07135416666666666 0.10925925925925926
1 0.96875 0.7712962962962963 0.03854166666666667 0.12222222222222222
1 0.9770833333333333 0.5935185185185186 0.04010416666666667 0.09444444444444444
1 0.6239583333333333 0.5824074074074074 0.0390625 0.06944444444444445
1 0.5765625 0.7731481481481481 0.04583333333333333 0.05555555555555555
1 0.49895833333333334 0.7935185185185185 0.058333333333333334 0.06296296296296296
1 0.8723958333333334 0.8944444444444445 0.028125 0.09537037037037037
1 0.5078125 0.6259259259259259 0.058333333333333334 0.04814814814814815
0 0.42239583333333336 0.023148148148148147 0.020833333333333332 0.044444444444444446
1 0.6604166666666667 0.8592592592592593 0.042708333333333334 0.07592592592592592
1 0.353125 0.600925925925926 0.050520833333333334 0.05740740740740741
1 0.20572916666666666 0.8416666666666667 0.05364583333333333 0.04814814814814815
1 0.3177083333333333 0.85 0.0578125 0.12777777777777777
1 0.4171875 0.5583333333333333 0.07760416666666667 0.09074074074074075
1 0.7953125 0.649074074074074 0.0671875 0.05740740740740741
1 0.9177083333333333 0.9527777777777777 0.057291666666666664 0.04722222222222222
1 0.9442708333333333 0.032407407407407406 0.03229166666666667 0.058333333333333334
1 0.1703125 0.9009259259259259 0.0609375 0.10833333333333334
1 0.49947916666666664 0.9203703703703704 0.05364583333333333 0.058333333333333334
1 0.6958333333333333 0.7759259259259259 0.07552083333333333 0.06111111111111111
1 0.7921875 0.8555555555555555 0.027604166666666666 0.07962962962962963
1 0.17916666666666667 0.6777777777777778 0.06927083333333334 0.0824074074074074
1 0.78125 0.5388888888888889 0.04114583333333333 0.08611111111111111
1 0.3609375 0.7481481481481481 0.09427083333333333 0.07222222222222222
1 0.2453125 0.9731481481481481 0.023958333333333335 0.05
