1 0.34814814814814815 0.890625 0.10555555555555556 0.04635416666666667
0 0.9342592592592592 0.6432291666666666 0.13055555555555556 0.0625
0 0.9555555555555556 0.5489583333333333 0.08888888888888889 0.06302083333333333
0 0.9074074074074074 0.26927083333333335 0.11018518518518519 0.071875
1 0.22870370370370371 0.96875 0.12314814814814815 0.0390625
1 0.4064814814814815 0.9776041666666667 0.09537037037037037 0.040625
1 0.41759259259259257 0.6244791666666667 0.07037037037037037 0.03958333333333333
1 0.22685185185185186 0.5765625 0.05648148148148148 0.04635416666666667
1 0.2064814814814815 0.49895833333333334 0.06388888888888888 0.058854166666666666
1 0.10555555555555556 0.8723958333333334 0.0962962962962963 0.028645833333333332
1 0.37407407407407406 0.5078125 0.049074074074074076 0.058854166666666666
0 0.9768518518518519 0.42239583333333336 0.04537037037037037 0.021354166666666667
1 0.14074074074074075 0.6604166666666667 0.07685185185185185 0.043229166666666666
1 0.3990740740740741 0.3536458333333333 0.058333333333333334 0.051041666666666666
1 0.15833333333333333 0.20625 0.049074074074074076 0.05416666666666667
1 0.15 0.3182291666666667 0.1287037037037037 0.058333333333333334
1 0.44166666666666665 0.41770833333333335 0.09166666666666666 0.078125
1 0.3509259259259259 0.7958333333333333 0.058333333333333334 0.06770833333333333
1 0.04722222222222222 0.9177083333333333 0.04814814814814815 0.0578125
1 0.9675925925925926 0.9442708333333333 0.05925925925925926 0.0328125
1 0.09907407407407408 0.17083333333333334 0.10925925925925926 0.06145833333333333
1 0.07962962962962963 0.5 0.05925925925925926 0.05416666666666667
1 0.22407407407407406 0.6963541666666667 0.062037037037037036 0.07604166666666666
1 0.14444444444444443 0.7927083333333333 0.08055555555555556 0.028125
1 0.32222222222222224 0.1796875 0.08333333333333333 0.06979166666666667
1 0.46111111111111114 0.7817708333333333 0.08703703703703704 0.041666666666666664
1 0.2518518518518518 0.3614583333333333 0.07314814814814814 0.09479166666666666
1 0.026851851851851852 0.2453125 0.05092592592592592 0.024479166666666666
