0 0.8040364583333334 0.08217592592592593 0.078125 0.16435185185185186
0 0.6861979166666666 0.05555555555555555 0.07877604166666667 0.11226851851851852
0 0.3365885416666667 0.11574074074074074 0.08984375 0.13773148148148148
1 0.7805989583333334 0.7291666666666666 0.049479166666666664 0.08796296296296297
1 0.720703125 0.9652777777777778 0.057942708333333336 0.06828703703703703
1 0.6236979166666666 0.9756944444444444 0.07356770833333333 0.047453703703703706
1 0.634765625 0.7824074074074074 0.07356770833333333 0.061342592592592594
0 0.5279947916666666 0.028935185185185185 0.026692708333333332 0.056712962962962965
1 0.4420572916666667 0.7511574074074074 0.06380208333333333 0.07291666666666667
1 0.3977864583333333 0.9907407407407407 0.07291666666666667 0.017361111111111112
1 0.5221354166666666 0.6979166666666666 0.09765625 0.11458333333333333
1 0.9759114583333334 0.8113425925925926 0.047526041666666664 0.07291666666666667
1 0.8704427083333334 0.9652777777777778 0.09505208333333333 0.06828703703703703
1 0.224609375 0.8483796296296297 0.08723958333333333 0.10416666666666667
1 0.9752604166666666 0.6747685185185185 0.048828125 0.1087962962962963
1 0.4518229166666667 0.9351851851851852 0.11848958333333333 0.09143518518518519
