1 0.7802083333333333 0.44351851851851853 0.040625 0.12314814814814815
0 0.796875 0.2962962962962963 0.09427083333333333 0.13703703703703704
0 0.6625 0.8805555555555555 0.058854166666666666 0.1259259259259259
0 0.6260416666666667 0.27685185185185185 0.084375 0.1638888888888889
1 0.290625 0.5657407407407408 0.05677083333333333 0.10185185185185185
0 0.7770833333333333 0.7611111111111111 0.07552083333333333 0.11388888888888889
1 0.14791666666666667 0.7675925925925926 0.071875 0.1287037037037037
0 0.96875 0.44537037037037036 0.0578125 0.1675925925925926
1 0.05572916666666667 0.7722222222222223 0.0484375 0.11944444444444445
1 0.6901041666666666 0.625 0.07708333333333334 0.08888888888888889
1 0.25 0.787962962962963 0.03854166666666667 0.1175925925925926
1 0.2828125 0.4583333333333333 0.05 0.11296296296296296
1 0.0765625 0.575 0.035416666666666666 0.06111111111111111
1 0.16927083333333334 0.41388888888888886 0.06302083333333333 0.09351851851851851
1 0.1546875 0.937962962962963 0.053125 0.08611111111111111
1 0.11822916666666666 0.1398148148148148 0.03125 0.10092592592592593
1 0.0921875 0.3435185185185185 0.075 0.0787037037037037
1 0.21197916666666666 0.08055555555555556 0.0328125 0.1259259259259259
1 0.06875 0.05462962962962963 0.06145833333333333 0.08888888888888889
1 0.0203125 0.2814814814814815 0.04114583333333333 0.19907407407407407
