1 0.5564814814814815 0.7802083333333333 0.12407407407407407 0.04114583333333333
0 0.7037037037037037 0.7973958333333333 0.13796296296296295 0.09479166666666666
0 0.11944444444444445 0.6630208333333333 0.12685185185185185 0.059375
0 0.7231481481481481 0.6260416666666667 0.1648148148148148 0.08489583333333334
1 0.43425925925925923 0.2911458333333333 0.10277777777777777 0.057291666666666664
0 0.2388888888888889 0.7776041666666667 0.11481481481481481 0.07604166666666666
1 0.2324074074074074 0.14791666666666667 0.12962962962962962 0.07239583333333334
0 0.5546296296296296 0.9692708333333333 0.1685185185185185 0.058333333333333334
1 0.22777777777777777 0.05625 0.12037037037037036 0.04895833333333333
1 0.375 0.6901041666666666 0.08981481481481482 0.07760416666666667
1 0.21203703703703702 0.25 0.11851851851851852 0.0390625
1 0.5416666666666666 0.2828125 0.11388888888888889 0.050520833333333334
1 0.425 0.0765625 0.062037037037037036 0.0359375
1 0.5861111111111111 0.16979166666666667 0.09444444444444444 0.06354166666666666
1 0.062037037037037036 0.1546875 0.08703703703703704 0.05364583333333333
1 0.8601851851851852 0.11822916666666666 0.10185185185185185 0.03177083333333333
1 0.6564814814814814 0.0921875 0.07962962962962963 0.07552083333333333
1 0.9194444444444444 0.2125 0.12685185185185185 0.03333333333333333
1 0.9453703703703704 0.06875 0.08981481481481482 0.06197916666666667
1 0.7185185185185186 0.020833333333333332 0.2 0.041666666666666664
