1 0.974609375 0.5555555555555556 0.050130208333333336 0.1550925925925926
0 0.96875 0.37037037037037035 0.0625 0.1724537037037037
0 0.7825520833333334 0.3472222222222222 0.10611979166666667 0.20601851851851852
1 0.3639322916666667 0.7071759259259259 0.07161458333333333 0.1284722222222222
0 0.9622395833333334 0.9398148148148148 0.07552083333333333 0.11921296296296297
1 0.18489583333333334 0.9398148148148148 0.09049479166666667 0.12037037037037036
1 0.0703125 0.9456018518518519 0.061197916666666664 0.1087962962962963
1 0.8626302083333334 0.78125 0.09700520833333333 0.11226851851851852
1 0.3125 0.9560185185185185 0.048828125 0.08796296296296297
1 0.353515625 0.5729166666666666 0.06315104166666667 0.1423611111111111
1 0.095703125 0.71875 0.044921875 0.0775462962962963
1 0.21223958333333334 0.5185185185185185 0.07942708333333333 0.11805555555555555
1 0.14778645833333334 0.17592592592592593 0.039713541666666664 0.12731481481481483
1 0.115234375 0.4305555555555556 0.09440104166666667 0.09953703703703703
1 0.265625 0.10069444444444445 0.041666666666666664 0.15856481481481483
1 0.0859375 0.06828703703703703 0.07747395833333333 0.11226851851851852
1 0.026041666666666668 0.35300925925925924 0.052083333333333336 0.25
