0 0.937962962962963 0.44375 0.12407407407407407 0.06875
0 0.6509259259259259 0.49270833333333336 0.10462962962962963 0.057291666666666664
0 0.937037037037037 0.7953125 0.1259259259259259 0.09479166666666666
0 0.7453703703703703 0.28802083333333334 0.1111111111111111 0.05364583333333333
1 0.8675925925925926 0.5296875 0.12777777777777777 0.027604166666666666
0 0.5796296296296296 0.4296875 0.15833333333333333 0.06458333333333334
0 0.5935185185185186 0.340625 0.10185185185185185 0.06666666666666667
1 0.03148148148148148 0.890625 0.053703703703703705 0.084375
1 0.6638888888888889 0.6072916666666667 0.0712962962962963 0.06145833333333333
0 0.7907407407407407 0.07135416666666666 0.14907407407407408 0.06666666666666667
1 0.03148148148148148 0.14583333333333334 0.05648148148148148 0.05572916666666667
1 0.06944444444444445 0.20520833333333333 0.09351851851851851 0.06979166666666667
0 0.537962962962963 0.0625 0.11296296296296296 0.0796875
1 0.6527777777777778 0.21979166666666666 0.13148148148148148 0.04114583333333333
1 0.7712962962962963 0.14010416666666667 0.07777777777777778 0.06302083333333333
1 0.8953703703703704 0.9192708333333334 0.09259259259259259 0.0234375
1 0.04722222222222222 0.41510416666666666 0.08333333333333333 0.0421875
0 0.6231481481481481 0.8588541666666667 0.10740740740740741 0.041666666666666664
0 0.6888888888888889 0.9546875 0.06388888888888888 0.035416666666666666
1 0.041666666666666664 0.76875 0.0824074074074074 0.044270833333333336
1 0.6203703703703703 0.7359375 0.09351851851851851 0.03958333333333333
1 0.01574074074074074 0.29583333333333334 0.030555555555555555 0.058854166666666666
1 0.08981481481481482 0.56875 0.06388888888888888 0.03854166666666667
