0 0.4432291666666667 0.062037037037037036 0.06822916666666666 0.12407407407407407
0 0.4921875 0.3490740740740741 0.05677083333333333 0.1037037037037037
0 0.7947916666666667 0.06296296296296296 0.09427083333333333 0.1259259259259259
0 0.28802083333333334 0.25462962962962965 0.053125 0.11018518518518519
1 0.5296875 0.13240740740740742 0.027083333333333334 0.12685185185185185
0 0.42916666666666664 0.4203703703703704 0.0640625 0.1574074074074074
0 0.34010416666666665 0.4064814814814815 0.06614583333333333 0.10092592592592593
1 0.8901041666666667 0.9685185185185186 0.08385416666666666 0.05277777777777778
1 0.6067708333333334 0.33611111111111114 0.0609375 0.07037037037037037
0 0.07083333333333333 0.20925925925925926 0.06614583333333333 0.14814814814814814
1 0.14583333333333334 0.9685185185185186 0.05520833333333333 0.05555555555555555
1 0.2046875 0.9305555555555556 0.06927083333333334 0.09259259259259259
0 0.0625 0.462037037037037 0.07916666666666666 0.11203703703703703
1 0.21979166666666666 0.3472222222222222 0.040625 0.13055555555555556
1 0.14010416666666667 0.22870370370370371 0.0625 0.07685185185185185
1 0.9192708333333334 0.10462962962962963 0.022916666666666665 0.09166666666666666
1 0.41510416666666666 0.9527777777777777 0.041666666666666664 0.0824074074074074
0 0.8583333333333333 0.3768518518518518 0.04114583333333333 0.10648148148148148
0 0.9541666666666667 0.3111111111111111 0.034895833333333334 0.06296296296296296
1 0.76875 0.9583333333333334 0.04375 0.08148148148148149
1 0.7354166666666667 0.37962962962962965 0.0390625 0.09259259259259259
1 0.29583333333333334 0.9842592592592593 0.058333333333333334 0.02962962962962963
1 0.5682291666666667 0.9101851851851852 0.03802083333333333 0.06296296296296296
