0 0.5546875 0.0775462962962963 0.0859375 0.15625
0 0.6158854166666666 0.4363425925925926 0.07161458333333333 0.13078703703703703
0 0.9674479166666666 0.0787037037037037 0.06510416666666667 0.15856481481481483
0 0.3600260416666667 0.3194444444444444 0.06705729166666667 0.1388888888888889
1 0.662109375 0.16666666666666666 0.034505208333333336 0.1597222222222222
0 0.537109375 0.5254629629629629 0.08072916666666667 0.19791666666666666
0 0.42578125 0.5092592592592593 0.08333333333333333 0.12731481481481483
1 0.7591145833333334 0.4201388888888889 0.07682291666666667 0.08912037037037036
0 0.08919270833333333 0.26157407407407407 0.08333333333333333 0.1863425925925926
0 0.078125 0.5787037037037037 0.099609375 0.1412037037037037
1 0.2747395833333333 0.4351851851851852 0.051432291666666664 0.16435185185185186
1 0.17513020833333334 0.28703703703703703 0.07877604166666667 0.09722222222222222
1 0.919921875 0.47453703703703703 0.049479166666666664 0.11689814814814815
