0 0.7145833333333333 0.6648148148148149 0.04010416666666667 0.075
0 0.6927083333333334 0.9592592592592593 0.04791666666666667 0.07685185185185185
0 0.7640625 0.6277777777777778 0.03697916666666667 0.06296296296296296
0 0.6578125 0.6333333333333333 0.03333333333333333 0.06111111111111111
0 0.6296875 0.6981481481481482 0.042708333333333334 0.07037037037037037
0 0.60625 0.9462962962962963 0.03333333333333333 0.04722222222222222
0 0.6364583333333333 0.9842592592592593 0.022916666666666665 0.02962962962962963
0 0.7791666666666667 0.6953703703703704 0.03802083333333333 0.05925925925925926
0 0.6640625 0.5694444444444444 0.022916666666666665 0.03611111111111111
0 0.80625 0.8583333333333333 0.024479166666666666 0.05277777777777778
