0 0.3351851851851852 0.7151041666666667 0.07592592592592592 0.040625
0 0.040740740740740744 0.6927083333333334 0.07777777777777778 0.0484375
0 0.37222222222222223 0.7645833333333333 0.06388888888888888 0.0375
0 0.36666666666666664 0.6578125 0.062037037037037036 0.033854166666666664
0 0.30185185185185187 0.6296875 0.0712962962962963 0.043229166666666666
0 0.053703703703703705 0.60625 0.04814814814814815 0.033854166666666664
0 0.01574074074074074 0.6364583333333333 0.030555555555555555 0.0234375
0 0.30462962962962964 0.7796875 0.06018518518518518 0.03854166666666667
0 0.4305555555555556 0.6640625 0.037037037037037035 0.0234375
0 0.14166666666666666 0.8067708333333333 0.053703703703703705 0.025
