0 0.27760416666666665 0.6472222222222223 0.043229166666666666 0.07962962962962963
0 0.2677083333333333 0.95 0.040625 0.08425925925925926
0 0.23125 0.6148148148148148 0.04114583333333333 0.06574074074074074
0 0.178125 0.937962962962963 0.035416666666666666 0.053703703703703705
0 0.34322916666666664 0.6138888888888889 0.03802083333333333 0.06481481481481481
0 0.18854166666666666 0.6842592592592592 0.04895833333333333 0.0787037037037037
0 0.20989583333333334 0.9796296296296296 0.03177083333333333 0.03888888888888889
0 0.35625 0.6796296296296296 0.043229166666666666 0.06018518518518518
0 0.39166666666666666 0.8444444444444444 0.0234375 0.04722222222222222
0 0.234375 0.5518518518518518 0.0234375 0.03611111111111111
