0 0.3527777777777778 0.278125 0.08055555555555556 0.04375
0 0.05 0.2677083333333333 0.08518518518518518 0.04114583333333333
0 0.3851851851851852 0.23177083333333334 0.06666666666666667 0.041666666666666664
0 0.062037037037037036 0.178125 0.05462962962962963 0.0359375
0 0.3861111111111111 0.34375 0.06574074074074074 0.03854166666666667
0 0.31574074074074077 0.18854166666666666 0.07962962962962963 0.049479166666666664
0 0.020370370370370372 0.21041666666666667 0.03981481481481482 0.03229166666666667
0 0.32037037037037036 0.3567708333333333 0.06111111111111111 0.04375
0 0.15555555555555556 0.3921875 0.04814814814814815 0.023958333333333335
0 0.44814814814814813 0.23489583333333333 0.037037037037037035 0.023958333333333335
