0 0.9322916666666666 0.5638888888888889 0.046875 0.08055555555555556
0 0.8567708333333334 0.6064814814814815 0.0484375 0.08703703703703704
0 0.7145833333333333 0.5222222222222223 0.053125 0.08888888888888889
0 0.9677083333333333 0.5018518518518519 0.03854166666666667 0.06018518518518518
0 0.6864583333333333 0.6277777777777778 0.04479166666666667 0.0962962962962963
0 0.7265625 0.14907407407407408 0.044270833333333336 0.08425925925925926
0 0.7895833333333333 0.5268518518518519 0.042708333333333334 0.06944444444444445
0 0.634375 0.16018518518518518 0.0546875 0.10462962962962963
0 0.8010416666666667 0.6546296296296297 0.0453125 0.075
0 0.7604166666666666 0.4601851851851852 0.04375 0.07685185185185185
0 0.6989583333333333 0.3425925925925926 0.04375 0.08055555555555556
0 0.8916666666666667 0.3527777777777778 0.03958333333333333 0.06944444444444445
0 0.9833333333333333 0.5583333333333333 0.03229166666666667 0.08425925925925926
0 0.8640625 0.2574074074074074 0.05625 0.09074074074074075
