0 0.4361111111111111 0.9322916666666666 0.08148148148148149 0.04739583333333333
0 0.39351851851851855 0.8572916666666667 0.08796296296296297 0.04895833333333333
0 0.4777777777777778 0.7145833333333333 0.08981481481481482 0.05364583333333333
0 0.4981481481481482 0.9677083333333333 0.06111111111111111 0.0390625
0 0.37222222222222223 0.6864583333333333 0.09722222222222222 0.0453125
0 0.850925925925926 0.7270833333333333 0.08518518518518518 0.04479166666666667
0 0.47314814814814815 0.7895833333333333 0.07037037037037037 0.043229166666666666
0 0.8398148148148148 0.6348958333333333 0.10555555555555556 0.05520833333333333
0 0.3453703703703704 0.8015625 0.07592592592592592 0.04583333333333333
0 0.5398148148148149 0.7604166666666666 0.07777777777777778 0.044270833333333336
0 0.6574074074074074 0.6989583333333333 0.08148148148148149 0.044270833333333336
0 0.6472222222222223 0.8916666666666667 0.07037037037037037 0.04010416666666667
0 0.44166666666666665 0.9833333333333333 0.08518518518518518 0.0328125
0 0.7425925925925926 0.8640625 0.09166666666666666 0.05677083333333333
