0 0.14635416666666667 0.9648148148148148 0.033854166666666664 0.06574074074074074
0 0.378125 0.4462962962962963 0.0296875 0.05925925925925926
0 0.44114583333333335 0.5685185185185185 0.028645833333333332 0.05740740740740741
0 0.15052083333333333 0.23425925925925925 0.04375 0.09074074074074075
0 0.265625 0.9222222222222223 0.0375 0.05925925925925926
0 0.3338541666666667 0.4046296296296296 0.03229166666666667 0.058333333333333334
0 0.6770833333333334 0.5259259259259259 0.04739583333333333 0.08425925925925926
0 0.37447916666666664 0.20925925925925926 0.08645833333333333 0.09351851851851851
0 0.5067708333333333 0.225 0.035416666666666666 0.06944444444444445
0 0.6296875 0.3731481481481482 0.027604166666666666 0.04814814814814815
