0 0.03518518518518519 0.146875 0.06666666666666667 0.034375
0 0.5537037037037037 0.37864583333333335 0.06018518518518518 0.030208333333333334
0 0.43148148148148147 0.44166666666666665 0.058333333333333334 0.029166666666666667
0 0.7657407407407407 0.15052083333333333 0.09166666666666666 0.044270833333333336
0 0.07777777777777778 0.265625 0.06018518518518518 0.03802083333333333
0 0.5953703703703703 0.3338541666666667 0.05925925925925926 0.0328125
0 0.4740740740740741 0.6776041666666667 0.08518518518518518 0.04791666666666667
0 0.7907407407407407 0.37447916666666664 0.09444444444444444 0.08697916666666666
0 0.775 0.5067708333333333 0.07037037037037037 0.0359375
0 0.6268518518518519 0.6302083333333334 0.049074074074074076 0.028125
