0 0.29739583333333336 0.16203703703703703 0.07916666666666666 0.15185185185185185
1 0.16770833333333332 0.8592592592592593 0.0515625 0.0824074074074074
0 0.6213541666666667 0.6240740740740741 0.09166666666666666 0.13055555555555556
0 0.39166666666666666 0.15925925925925927 0.06979166666666667 0.13333333333333333
0 0.49270833333333336 0.42314814814814816 0.07395833333333333 0.14629629629629629
1 0.3 0.5925925925925926 0.059375 0.0712962962962963
0 0.19635416666666666 0.2518518518518518 0.11666666666666667 0.13518518518518519
1 0.44114583333333335 0.9351851851851852 0.044270833333333336 0.11018518518518519
0 0.36875 0.425 0.06041666666666667 0.09814814814814815
0 0.6265625 0.32314814814814813 0.07760416666666667 0.13148148148148148
1 0.33177083333333335 0.9398148148148148 0.0640625 0.10555555555555556
1 0.19114583333333332 0.5361111111111111 0.0890625 0.1111111111111111
1 0.23541666666666666 0.812962962962963 0.052083333333333336 0.08888888888888889
1 0.4552083333333333 0.5555555555555556 0.03333333333333333 0.16296296296296298
1 0.6666666666666666 0.9675925925925926 0.08854166666666667 0.05648148148148148
0 0.5692708333333333 0.05740740740740741 0.08802083333333334 0.11481481481481481
