0 0.3717447916666667 0.2025462962962963 0.099609375 0.1909722222222222
0 0.7766927083333334 0.78125 0.115234375 0.16435185185185186
0 0.4895833333333333 0.19907407407407407 0.087890625 0.16782407407407407
0 0.6158854166666666 0.5289351851851852 0.09309895833333333 0.1840277777777778
1 0.375 0.7418981481481481 0.07486979166666667 0.09027777777777778
0 0.24544270833333334 0.3148148148148148 0.146484375 0.1701388888888889
0 0.4609375 0.53125 0.076171875 0.12384259259259259
0 0.7838541666666666 0.4039351851851852 0.09765625 0.16550925925925927
1 0.23958333333333334 0.6701388888888888 0.11197916666666667 0.1400462962962963
1 0.2942708333333333 0.9803240740740741 0.06575520833333333 0.03935185185185185
1 0.5690104166666666 0.6944444444444444 0.042317708333333336 0.2048611111111111
0 0.7122395833333334 0.07175925925925926 0.11067708333333333 0.14467592592592593
