0 0.8379629629629629 0.29739583333333336 0.1527777777777778 0.0796875
1 0.14074074074074075 0.16822916666666668 0.08333333333333333 0.052083333333333336
0 0.37592592592592594 0.6213541666666667 0.13148148148148148 0.0921875
0 0.8407407407407408 0.39166666666666666 0.13425925925925927 0.0703125
0 0.5768518518518518 0.49270833333333336 0.14722222222222223 0.07447916666666667
1 0.4074074074074074 0.3 0.07222222222222222 0.059895833333333336
0 0.7481481481481481 0.19635416666666666 0.1361111111111111 0.1171875
1 0.06481481481481481 0.44166666666666665 0.1111111111111111 0.04479166666666667
0 0.575 0.36875 0.09907407407407408 0.0609375
0 0.6768518518518518 0.6270833333333333 0.13240740740740742 0.078125
1 0.06018518518518518 0.33229166666666665 0.10648148148148148 0.06458333333333334
1 0.4638888888888889 0.19166666666666668 0.11203703703703703 0.08958333333333333
1 0.18703703703703703 0.23541666666666666 0.08981481481481482 0.05260416666666667
1 0.4444444444444444 0.4552083333333333 0.1638888888888889 0.033854166666666664
1 0.032407407407407406 0.6666666666666666 0.05740740740740741 0.0890625
0 0.9425925925925925 0.5697916666666667 0.11481481481481481 0.08854166666666667
