1 0.7578125 0.4148148148148148 0.06197916666666667 0.09351851851851851
1 0.7619791666666667 0.22777777777777777 0.03125 0.11388888888888889
1 0.6296875 0.7509259259259259 0.06458333333333334 0.11388888888888889
1 0.690625 0.5398148148148149 0.052083333333333336 0.08425925925925926
1 0.5208333333333334 0.7796296296296297 0.034895833333333334 0.11203703703703703
1 0.7307291666666667 0.837037037037037 0.05 0.1111111111111111
1 0.7963541666666667 0.6027777777777777 0.11354166666666667 0.125
1 0.7859375 0.799074074074074 0.0546875 0.07222222222222222
1 0.353125 0.12222222222222222 0.033854166666666664 0.13703703703703704
1 0.4083333333333333 0.2564814814814815 0.0609375 0.1259259259259259
1 0.6958333333333333 0.1574074074074074 0.053125 0.17777777777777778
1 0.7244791666666667 0.06944444444444445 0.052083333333333336 0.1398148148148148
1 0.5979166666666667 0.06111111111111111 0.065625 0.09814814814814815
1 0.3411458333333333 0.575 0.04375 0.14444444444444443
1 0.46145833333333336 0.5611111111111111 0.03958333333333333 0.11944444444444445
1 0.309375 0.7074074074074074 0.08229166666666667 0.04351851851851852
1 0.5614583333333333 0.33611111111111114 0.057291666666666664 0.08425925925925926
