1 0.5851851851851851 0.7583333333333333 0.09444444444444444 0.0625
1 0.7722222222222223 0.7619791666666667 0.11481481481481481 0.03177083333333333
1 0.2490740740740741 0.6296875 0.11481481481481481 0.06510416666666667
1 0.4601851851851852 0.690625 0.08518518518518518 0.05260416666666667
1 0.22037037037037038 0.5213541666666667 0.11296296296296296 0.035416666666666666
1 0.16296296296296298 0.7307291666666667 0.11203703703703703 0.050520833333333334
1 0.3972222222222222 0.7963541666666667 0.1259259259259259 0.1140625
1 0.20092592592592592 0.7864583333333334 0.07314814814814814 0.05520833333333333
1 0.8777777777777778 0.3536458333333333 0.13796296296296295 0.034375
1 0.7435185185185185 0.4088541666666667 0.12685185185185185 0.06145833333333333
1 0.8425925925925926 0.6958333333333333 0.1787037037037037 0.05364583333333333
1 0.9296296296296296 0.7244791666666667 0.1398148148148148 0.05260416666666667
1 0.9388888888888889 0.5979166666666667 0.09907407407407408 0.06614583333333333
1 0.425 0.3411458333333333 0.14537037037037037 0.044270833333333336
1 0.4388888888888889 0.46145833333333336 0.12037037037037036 0.04010416666666667
1 0.29259259259259257 0.309375 0.044444444444444446 0.0828125
1 0.6638888888888889 0.5614583333333333 0.08518518518518518 0.0578125
