1 0.9479166666666666 0.5196759259259259 0.078125 0.11805555555555555
1 0.9524739583333334 0.28587962962962965 0.039713541666666664 0.14351851851851852
1 0.787109375 0.9340277777777778 0.08138020833333333 0.13194444444444445
1 0.86328125 0.6759259259259259 0.06575520833333333 0.10648148148148148
1 0.6516927083333334 0.9525462962962963 0.044270833333333336 0.09490740740740741
1 0.9134114583333334 0.9884259259259259 0.06315104166666667 0.023148148148148147
1 0.9622395833333334 0.7546296296296297 0.07552083333333333 0.1574074074074074
1 0.9739583333333334 0.9768518518518519 0.051432291666666664 0.046296296296296294
1 0.4420572916666667 0.1527777777777778 0.04296875 0.1724537037037037
1 0.5110677083333334 0.32060185185185186 0.07682291666666667 0.15856481481481483
1 0.8697916666666666 0.19675925925925927 0.06705729166666667 0.22337962962962962
1 0.9055989583333334 0.08796296296296297 0.06575520833333333 0.17592592592592593
1 0.7473958333333334 0.0763888888888889 0.08268229166666667 0.12384259259259259
1 0.4264322916666667 0.71875 0.055338541666666664 0.18171296296296297
1 0.5768229166666666 0.7025462962962963 0.050130208333333336 0.15046296296296297
1 0.38671875 0.8854166666666666 0.103515625 0.05555555555555555
1 0.7018229166666666 0.4212962962962963 0.072265625 0.10648148148148148
