1 0.687037037037037 0.8520833333333333 0.06388888888888888 0.052083333333333336
1 0.30462962962962964 0.26614583333333336 0.08888888888888889 0.0625
1 0.8055555555555556 0.6651041666666667 0.07592592592592592 0.058333333333333334
1 0.4444444444444444 0.9692708333333333 0.058333333333333334 0.04791666666666667
1 0.19074074074074074 0.15677083333333333 0.0787037037037037 0.05572916666666667
1 0.8648148148148148 0.9427083333333334 0.05740740740740741 0.05364583333333333
0 0.11388888888888889 0.2609375 0.08148148148148149 0.041666666666666664
1 0.3972222222222222 0.16458333333333333 0.10648148148148148 0.05364583333333333
1 0.5888888888888889 0.32395833333333335 0.05925925925925926 0.058854166666666666
1 0.3537037037037037 0.9244791666666666 0.05740740740740741 0.04010416666666667
1 0.5601851851851852 0.7328125 0.0787037037037037 0.042708333333333334
0 0.6601851851851852 0.07760416666666667 0.10185185185185185 0.06770833333333333
0 0.025 0.09114583333333333 0.049074074074074076 0.06041666666666667
1 0.24537037037037038 0.6677083333333333 0.05092592592592592 0.07135416666666666
0 0.5101851851851852 0.065625 0.10925925925925926 0.049479166666666664
1 0.937962962962963 0.8755208333333333 0.09259259259259259 0.0390625
1 0.3398148148148148 0.6890625 0.1111111111111111 0.0421875
1 0.9324074074074075 0.7713541666666667 0.10555555555555556 0.030729166666666665
1 0.20925925925925926 0.8786458333333333 0.09166666666666666 0.058333333333333334
1 0.6138888888888889 0.9182291666666667 0.12129629629629629 0.05
1 0.3453703703703704 0.7666666666666667 0.09444444444444444 0.034375
0 0.7527777777777778 0.23072916666666668 0.10833333333333334 0.09114583333333333
1 0.6407407407407407 0.6890625 0.10648148148148148 0.029166666666666667
1 0.49907407407407406 0.8390625 0.05925925925925926 0.05364583333333333
1 0.18981481481481483 0.8 0.08055555555555556 0.028645833333333332
1 0.14907407407407408 0.9567708333333333 0.07314814814814814 0.04583333333333333
0 0.9712962962962963 0.08802083333333334 0.05277777777777778 0.058333333333333334
1 0.9601851851851851 0.6682291666666667 0.0787037037037037 0.03177083333333333
1 0.6814814814814815 0.9369791666666667 0.09537037037037037 0.033854166666666664
1 0.5712962962962963 0.9723958333333333 0.09722222222222222 0.027083333333333334
1 0.1814814814814815 0.9885416666666667 0.05277777777777778 0.022395833333333334
