1 0.3326822916666667 0.8703703703703703 0.078125 0.1111111111111111
1 0.8313802083333334 0.24421296296296297 0.07291666666666667 0.09490740740740741
1 0.19596354166666666 0.9814814814814815 0.06966145833333333 0.037037037037037035
1 0.20572916666666666 0.7534722222222222 0.06705729166666667 0.13310185185185186
1 0.4049479166666667 0.5150462962962963 0.07356770833333333 0.07407407407407407
1 0.916015625 0.5497685185185185 0.053385416666666664 0.09837962962962964
0 0.09700520833333333 0.42592592592592593 0.08463541666666667 0.12731481481481483
1 0.8346354166666666 0.9432870370370371 0.08919270833333333 0.06365740740740741
0 0.08203125 0.6134259259259259 0.061848958333333336 0.13657407407407407
1 0.861328125 0.8263888888888888 0.052734375 0.1388888888888889
1 0.9641927083333334 0.08564814814814815 0.038411458333333336 0.13194444444444445
1 0.9583333333333334 0.8194444444444444 0.04296875 0.11805555555555555
0 0.2884114583333333 0.3090277777777778 0.11393229166666667 0.13541666666666666
1 0.861328125 0.44907407407407407 0.036458333333333336 0.13310185185185186
1 0.9908854166666666 0.9814814814814815 0.017578125 0.037037037037037035
0 0.11002604166666667 0.03587962962962963 0.07291666666666667 0.06597222222222222
1 0.8352864583333334 0.04976851851851852 0.039713541666666664 0.09953703703703703
