1 0.8515625 0.31296296296296294 0.0515625 0.06296296296296296
1 0.265625 0.6953703703703704 0.06197916666666667 0.08796296296296297
1 0.6645833333333333 0.19444444444444445 0.0578125 0.075
1 0.96875 0.5555555555555556 0.04739583333333333 0.05740740740740741
1 0.15677083333333333 0.8092592592592592 0.05520833333333333 0.07777777777777778
1 0.9427083333333334 0.13518518518518519 0.053125 0.05648148148148148
0 0.2604166666666667 0.8861111111111111 0.04114583333333333 0.08055555555555556
1 0.16458333333333333 0.6027777777777777 0.053125 0.10555555555555556
1 0.32395833333333335 0.4111111111111111 0.058333333333333334 0.058333333333333334
1 0.9244791666666666 0.6462962962962963 0.03958333333333333 0.05648148148148148
1 0.7322916666666667 0.4398148148148148 0.0421875 0.07777777777777778
0 0.07708333333333334 0.3398148148148148 0.0671875 0.10092592592592593
0 0.090625 0.975 0.059895833333333336 0.04814814814814815
1 0.6677083333333333 0.7546296296296297 0.07083333333333333 0.05
0 0.065625 0.4898148148148148 0.04895833333333333 0.10833333333333334
1 0.8755208333333333 0.062037037037037036 0.03854166666666667 0.09166666666666666
1 0.6890625 0.6601851851851852 0.041666666666666664 0.11018518518518519
1 0.7713541666666667 0.06759259259259259 0.030208333333333334 0.10462962962962963
1 0.878125 0.7907407407407407 0.0578125 0.09074074074074075
1 0.9177083333333333 0.3861111111111111 0.049479166666666664 0.12037037037037036
1 0.7661458333333333 0.6546296296296297 0.033854166666666664 0.09351851851851851
0 0.23072916666666668 0.24722222222222223 0.090625 0.10740740740740741
1 0.6885416666666667 0.3592592592592593 0.028645833333333332 0.10555555555555556
1 0.8390625 0.5009259259259259 0.053125 0.058333333333333334
1 0.8 0.8101851851851852 0.028125 0.07962962962962963
1 0.95625 0.850925925925926 0.0453125 0.07222222222222222
0 0.0875 0.028703703703703703 0.0578125 0.05185185185185185
1 0.6682291666666667 0.03888888888888889 0.03125 0.0787037037037037
1 0.9369791666666667 0.31851851851851853 0.03333333333333333 0.09444444444444444
1 0.971875 0.4287037037037037 0.0265625 0.0962962962962963
1 0.9885416666666667 0.8185185185185185 0.022395833333333334 0.05185185185185185
