1 0.33229166666666665 0.9259259259259259 0.071875 0.062037037037037036
0 0.13489583333333333 0.3055555555555556 0.0515625 0.11018518518518519
0 0.21666666666666667 0.49907407407407406 0.06197916666666667 0.10925925925925926
0 0.06510416666666667 0.3074074074074074 0.0625 0.11388888888888889
0 0.7229166666666667 0.6305555555555555 0.06979166666666667 0.13148148148148148
0 0.1015625 0.07314814814814814 0.07395833333333333 0.14166666666666666
0 0.7338541666666667 0.41944444444444445 0.0453125 0.09907407407407408
1 0.06354166666666666 0.6481481481481481 0.05625 0.06296296296296296
0 0.3109375 0.6546296296296297 0.0734375 0.10462962962962963
0 0.9578125 0.6546296296296297 0.05416666666666667 0.08796296296296297
0 0.265625 0.20277777777777778 0.07083333333333333 0.1175925925925926
0 0.7776041666666667 0.7851851851851852 0.041666666666666664 0.08425925925925926
0 0.371875 0.03611111111111111 0.06666666666666667 0.0712962962962963
0 0.3151041666666667 0.41944444444444445 0.0578125 0.10185185185185185
0 0.1203125 0.5092592592592593 0.04583333333333333 0.07685185185185185
1 0.7833333333333333 0.9481481481481482 0.052083333333333336 0.08796296296296297
1 0.0890625 0.9037037037037037 0.05572916666666667 0.0787037037037037
1 0.1765625 0.9 0.027604166666666666 0.07685185185185185
1 0.8927083333333333 0.8555555555555555 0.053125 0.05740740740740741
1 0.18020833333333333 0.6092592592592593 0.034375 0.11944444444444445
1 0.915625 0.21851851851851853 0.05364583333333333 0.07037037037037037
1 0.8755208333333333 0.05 0.059375 0.09814814814814815
1 0.7375 0.2074074074074074 0.06302083333333333 0.06018518518518518
1 0.0109375 0.8092592592592592 0.021875 0.05462962962962963
