0 0.16927083333333334 0.38310185185185186 0.06510416666666667 0.1388888888888889
0 0.271484375 0.6238425925925926 0.078125 0.13773148148148148
0 0.08138020833333333 0.3854166666666667 0.07877604166666667 0.14351851851851852
0 0.9036458333333334 0.7881944444444444 0.087890625 0.16550925925925927
0 0.126953125 0.09259259259259259 0.09309895833333333 0.17824074074074073
0 0.91796875 0.5254629629629629 0.057291666666666664 0.125
1 0.07942708333333333 0.8101851851851852 0.07096354166666667 0.0798611111111111
0 0.3893229166666667 0.8194444444444444 0.09244791666666667 0.13194444444444445
0 0.33203125 0.25462962962962965 0.08919270833333333 0.14814814814814814
0 0.9720052083333334 0.9641203703703703 0.052734375 0.07060185185185185
0 0.46484375 0.046296296296296294 0.083984375 0.09027777777777778
0 0.39453125 0.5243055555555556 0.07291666666666667 0.1284722222222222
0 0.150390625 0.6377314814814815 0.057942708333333336 0.09722222222222222
1 0.22526041666666666 0.7627314814814815 0.043619791666666664 0.15046296296296297
1 0.9225260416666666 0.2604166666666667 0.07942708333333333 0.0763888888888889
1 0.013671875 0.9884259259259259 0.027994791666666668 0.02199074074074074
