1 0.07407407407407407 0.33229166666666665 0.06296296296296296 0.07239583333333334
0 0.6944444444444444 0.13541666666666666 0.1111111111111111 0.052083333333333336
0 0.5009259259259259 0.2171875 0.11018518518518519 0.0625
0 0.6925925925925925 0.06510416666666667 0.11481481481481481 0.06302083333333333
0 0.36944444444444446 0.7229166666666667 0.13240740740740742 0.0703125
0 0.9268518518518518 0.1015625 0.1425925925925926 0.07447916666666667
0 0.5805555555555556 0.734375 0.1 0.04583333333333333
1 0.35185185185185186 0.06354166666666666 0.06388888888888888 0.05677083333333333
0 0.3453703703703704 0.31145833333333334 0.10555555555555556 0.07395833333333333
0 0.3453703703703704 0.9578125 0.08888888888888889 0.0546875
0 0.7972222222222223 0.265625 0.11851851851851852 0.07135416666666666
0 0.21481481481481482 0.7776041666666667 0.08518518518518518 0.0421875
0 0.9638888888888889 0.371875 0.07222222222222222 0.0671875
0 0.5805555555555556 0.315625 0.10277777777777777 0.058333333333333334
0 0.49074074074074076 0.1203125 0.07777777777777778 0.04635416666666667
1 0.05185185185185185 0.7833333333333333 0.08888888888888889 0.05260416666666667
1 0.0962962962962963 0.08958333333333333 0.07962962962962963 0.05625
1 0.1 0.17708333333333334 0.07777777777777778 0.028125
1 0.14444444444444443 0.8927083333333333 0.058333333333333334 0.05364583333333333
1 0.3907407407407407 0.18020833333333333 0.12037037037037036 0.034895833333333334
1 0.7814814814814814 0.9161458333333333 0.0712962962962963 0.05416666666666667
1 0.95 0.8755208333333333 0.09907407407407408 0.059895833333333336
1 0.7925925925925926 0.7380208333333333 0.06111111111111111 0.06354166666666666
1 0.19074074074074074 0.0109375 0.05555555555555555 0.022395833333333334
