1 0.3359375 0.7488425925925926 0.06575520833333333 0.12268518518518519
1 0.5638020833333334 0.38773148148148145 0.042317708333333336 0.13078703703703703
1 0.6451822916666666 0.5590277777777778 0.048177083333333336 0.11226851851851852
1 0.388671875 0.5138888888888888 0.055989583333333336 0.10416666666666667
1 0.9908854166666666 0.6331018518518519 0.018229166666666668 0.10416666666666667
1 0.3138020833333333 0.4722222222222222 0.091796875 0.08333333333333333
1 0.07877604166666667 0.9907407407407407 0.08723958333333333 0.018518518518518517
1 0.4498697916666667 0.3912037037037037 0.072265625 0.05787037037037037
1 0.07552083333333333 0.6689814814814815 0.08658854166666667 0.07175925925925926
1 0.6979166666666666 0.33564814814814814 0.08333333333333333 0.14699074074074073
1 0.8522135416666666 0.48842592592592593 0.048177083333333336 0.09259259259259259
1 0.673828125 0.9861111111111112 0.05859375 0.02662037037037037
1 0.8307291666666666 0.38078703703703703 0.046875 0.08333333333333333
1 0.9947916666666666 0.9143518518518519 0.010416666666666666 0.07175925925925926
1 0.78125 0.6898148148148148 0.052734375 0.09259259259259259
1 0.5234375 0.7974537037037037 0.05078125 0.0787037037037037
1 0.7981770833333334 0.9016203703703703 0.0546875 0.06828703703703703
1 0.14127604166666666 0.4791666666666667 0.053385416666666664 0.15162037037037038
