1 0.40185185185185185 0.26875 0.09814814814814815 0.05260416666666667
1 0.6898148148148148 0.4510416666666667 0.10462962962962963 0.033854166666666664
1 0.5527777777777778 0.5161458333333333 0.08981481481481482 0.03854166666666667
1 0.5898148148148148 0.3109375 0.08333333333333333 0.04479166666666667
1 0.49444444444444446 0.8005208333333333 0.08333333333333333 0.030208333333333334
1 0.6231481481481481 0.25104166666666666 0.06666666666666667 0.0734375
1 0.17962962962962964 0.06302083333333333 0.0712962962962963 0.06979166666666667
1 0.687962962962963 0.35989583333333336 0.046296296296296294 0.0578125
1 0.46574074074074073 0.06041666666666667 0.05740740740740741 0.06927083333333334
1 0.7314814814814815 0.5583333333333333 0.1175925925925926 0.06666666666666667
0 0.21944444444444444 0.8833333333333333 0.1175925925925926 0.06458333333333334
1 0.6101851851851852 0.6817708333333333 0.07407407407407407 0.03854166666666667
0 0.40370370370370373 0.8880208333333334 0.08611111111111111 0.043229166666666666
1 0.08981481481481482 0.36354166666666665 0.09444444444444444 0.0515625
1 0.18981481481481483 0.5390625 0.06388888888888888 0.046875
0 0.5277777777777778 0.9859375 0.09166666666666666 0.027604166666666666
1 0.6962962962962963 0.6645833333333333 0.06666666666666667 0.0375
1 0.26944444444444443 0.8234375 0.05740740740740741 0.06354166666666666
1 0.44907407407407407 0.625 0.07407407407407407 0.0421875
1 0.362962962962963 0.41875 0.06296296296296296 0.040625
1 0.27870370370370373 0.6385416666666667 0.05462962962962963 0.04375
0 0.04351851851851852 0.7942708333333334 0.07222222222222222 0.05572916666666667
1 0.675 0.8203125 0.11388888888888889 0.03333333333333333
1 0.6166666666666667 0.11302083333333333 0.12129629629629629 0.042708333333333334
1 0.6907407407407408 0.940625 0.23703703703703705 0.0515625
0 0.36666666666666664 0.9901041666666667 0.10555555555555556 0.019791666666666666
0 0.032407407407407406 0.946875 0.053703703703703705 0.05520833333333333
1 0.027777777777777776 0.5317708333333333 0.05462962962962963 0.09479166666666666
