1 0.26875 0.5981481481481481 0.052083333333333336 0.09722222222222222
1 0.4510416666666667 0.3101851851851852 0.03333333333333333 0.1037037037037037
1 0.515625 0.44722222222222224 0.03802083333333333 0.08888888888888889
1 0.3104166666666667 0.4101851851851852 0.044270833333333336 0.0824074074074074
1 0.8 0.5055555555555555 0.0296875 0.0824074074074074
1 0.25104166666666666 0.3768518518518518 0.07291666666666667 0.06574074074074074
1 0.0625 0.8203703703703704 0.06927083333333334 0.07037037037037037
1 0.35989583333333336 0.31203703703703706 0.057291666666666664 0.04537037037037037
1 0.06041666666666667 0.5342592592592592 0.06875 0.05648148148148148
1 0.5578125 0.26851851851851855 0.06614583333333333 0.11666666666666667
0 0.8828125 0.7805555555555556 0.0640625 0.11666666666666667
1 0.68125 0.38981481481481484 0.03802083333333333 0.07314814814814814
0 0.8880208333333334 0.5962962962962963 0.042708333333333334 0.08518518518518518
1 0.36354166666666665 0.9101851851851852 0.051041666666666666 0.09351851851851851
1 0.5385416666666667 0.8101851851851852 0.04635416666666667 0.06296296296296296
0 0.9859375 0.4722222222222222 0.027083333333333334 0.09074074074074075
1 0.6640625 0.3037037037037037 0.03697916666666667 0.06574074074074074
1 0.8229166666666666 0.7305555555555555 0.06302083333333333 0.05648148148148148
1 0.625 0.5509259259259259 0.041666666666666664 0.07314814814814814
1 0.41822916666666665 0.6370370370370371 0.04010416666666667 0.062037037037037036
1 0.6380208333333334 0.7212962962962963 0.043229166666666666 0.053703703703703705
0 0.7942708333333334 0.9564814814814815 0.05520833333333333 0.0712962962962963
1 0.8197916666666667 0.325 0.0328125 0.11296296296296296
1 0.1125 0.38333333333333336 0.0421875 0.12037037037037036
1 0.940625 0.30925925925925923 0.051041666666666666 0.2361111111111111
0 0.9895833333333334 0.6333333333333333 0.019270833333333334 0.10462962962962963
0 0.9463541666666667 0.9675925925925926 0.0546875 0.05277777777777778
1 0.53125 0.9722222222222222 0.09427083333333333 0.053703703703703705
