0 0.4583333333333333 0.5856481481481481 0.10872395833333333 0.21064814814814814
1 0.9329427083333334 0.8402777777777778 0.061848958333333336 0.1076388888888889
0 0.3587239583333333 0.11805555555555555 0.10416666666666667 0.19328703703703703
0 0.11002604166666667 0.5995370370370371 0.09049479166666667 0.1412037037037037
0 0.962890625 0.15046296296296297 0.07356770833333333 0.11689814814814815
0 0.6145833333333334 0.6226851851851852 0.07942708333333333 0.13078703703703703
1 0.11458333333333333 0.8854166666666666 0.11002604166666667 0.11458333333333333
1 0.9088541666666666 0.38078703703703703 0.044921875 0.15046296296296297
1 0.703125 0.3449074074074074 0.09765625 0.1574074074074074
1 0.22981770833333334 0.39699074074074076 0.05859375 0.15046296296296297
0 0.046223958333333336 0.07523148148148148 0.09244791666666667 0.15162037037037038
1 0.8014322916666666 0.047453703703703706 0.08528645833333333 0.08680555555555555
