0 0.36666666666666664 0.4675925925925926 0.08645833333333333 0.1675925925925926
1 0.7463541666666667 0.6722222222222223 0.04895833333333333 0.08518518518518518
0 0.2864583333333333 0.09444444444444444 0.0828125 0.1537037037037037
0 0.08802083333333334 0.4787037037037037 0.071875 0.11203703703703703
0 0.7703125 0.12037037037037036 0.058854166666666666 0.09259259259259259
0 0.49114583333333334 0.4981481481481482 0.06302083333333333 0.1037037037037037
0 0.878125 0.44074074074074077 0.05416666666666667 0.10462962962962963
1 0.09166666666666666 0.7083333333333334 0.0875 0.09074074074074075
1 0.7270833333333333 0.3037037037037037 0.035416666666666666 0.11944444444444445
1 0.5619791666666667 0.275 0.07760416666666667 0.125
1 0.18333333333333332 0.31666666666666665 0.04635416666666667 0.11944444444444445
0 0.8630208333333333 0.030555555555555555 0.0734375 0.06111111111111111
0 0.036458333333333336 0.06018518518518518 0.0734375 0.12037037037037036
1 0.6411458333333333 0.03796296296296296 0.06770833333333333 0.06851851851851852
