0 0.5324074074074074 0.36666666666666664 0.1685185185185185 0.08697916666666666
1 0.3277777777777778 0.7463541666666667 0.08611111111111111 0.049479166666666664
0 0.9055555555555556 0.2869791666666667 0.15462962962962962 0.08333333333333333
0 0.5212962962962963 0.08802083333333334 0.11296296296296296 0.07239583333333334
0 0.8796296296296297 0.7708333333333334 0.09351851851851851 0.059375
0 0.5018518518518519 0.49166666666666664 0.10462962962962963 0.06354166666666666
0 0.5592592592592592 0.878125 0.10555555555555556 0.0546875
1 0.2916666666666667 0.09166666666666666 0.09166666666666666 0.08802083333333334
1 0.6962962962962963 0.7270833333333333 0.12037037037037036 0.0359375
1 0.725 0.5625 0.1259259259259259 0.078125
1 0.6833333333333333 0.18385416666666668 0.12037037037037036 0.046875
0 0.9694444444444444 0.8635416666666667 0.06111111111111111 0.07395833333333333
0 0.9398148148148148 0.03697916666666667 0.12037037037037036 0.07395833333333333
1 0.962037037037037 0.6411458333333333 0.06944444444444445 0.06822916666666666
