0 0.9947916666666666 0.35532407407407407 0.009765625 0.16898148148148148
0 0.5013020833333334 0.4340277777777778 0.1015625 0.13657407407407407
1 0.9134114583333334 0.7025462962962963 0.08919270833333333 0.11226851851851852
0 0.9134114583333334 0.4340277777777778 0.06640625 0.11689814814814815
0 0.072265625 0.9618055555555556 0.054036458333333336 0.07523148148148148
0 0.9296875 0.14583333333333334 0.109375 0.15162037037037038
1 0.37109375 0.9918981481481481 0.050130208333333336 0.015046296296296295
0 0.016276041666666668 0.5219907407407407 0.032552083333333336 0.15162037037037038
0 0.2552083333333333 0.7569444444444444 0.06966145833333333 0.11689814814814815
1 0.892578125 0.9907407407407407 0.056640625 0.018518518518518517
1 0.19791666666666666 0.19328703703703703 0.07356770833333333 0.10069444444444445
0 0.013671875 0.7939814814814815 0.027994791666666668 0.14583333333333334
0 0.427734375 0.028935185185185185 0.06770833333333333 0.056712962962962965
1 0.9466145833333334 0.9814814814814815 0.049479166666666664 0.037037037037037035
