0 0.7166666666666667 0.8197916666666667 0.13518518518518519 0.05572916666666667
0 0.5055555555555555 0.9479166666666666 0.11296296296296296 0.06041666666666667
0 0.6537037037037037 0.4010416666666667 0.10925925925925926 0.08125
0 0.5055555555555555 0.8609375 0.09907407407407408 0.05260416666666667
1 0.3972222222222222 0.8239583333333333 0.06574074074074074 0.04479166666666667
1 0.13425925925925927 0.8359375 0.075 0.0421875
1 0.43796296296296294 0.7307291666666667 0.08981481481481482 0.07135416666666666
0 0.6527777777777778 0.7307291666666667 0.09351851851851851 0.053125
0 0.21481481481481482 0.0578125 0.09259259259259259 0.043229166666666666
0 0.7055555555555556 0.8953125 0.14166666666666666 0.06458333333333334
0 0.8833333333333333 0.74375 0.12129629629629629 0.0875
1 0.16296296296296298 0.296875 0.1 0.04010416666666667
0 0.5824074074074074 0.013020833333333334 0.12129629629629629 0.026041666666666668
0 0.39444444444444443 0.20416666666666666 0.09351851851851851 0.05572916666666667
1 0.040740740740740744 0.6932291666666667 0.08055555555555556 0.04375
0 0.9564814814814815 0.8572916666666667 0.08703703703703704 0.08489583333333334
1 0.41759259259259257 0.9307291666666667 0.11018518518518519 0.0390625
1 0.1574074074074074 0.14479166666666668 0.06111111111111111 0.0609375
1 0.16018518518518518 0.8942708333333333 0.0824074074074074 0.022395833333333334
1 0.19074074074074074 0.7140625 0.05 0.0453125
1 0.8453703703703703 0.15833333333333333 0.08055555555555556 0.058854166666666666
0 0.36574074074074076 0.0109375 0.11666666666666667 0.022395833333333334
0 0.9768518518518519 0.3421875 0.04537037037037037 0.05416666666666667
1 0.1935185185185185 0.7572916666666667 0.07314814814814814 0.03958333333333333
