0 0.8197916666666667 0.2833333333333333 0.05520833333333333 0.13425925925925927
0 0.9473958333333333 0.49444444444444446 0.059895833333333336 0.11203703703703703
0 0.4005208333333333 0.34629629629629627 0.08072916666666667 0.10833333333333334
0 0.8609375 0.49444444444444446 0.052083333333333336 0.09814814814814815
1 0.8234375 0.6027777777777777 0.044270833333333336 0.06481481481481481
1 0.8359375 0.8657407407407407 0.041666666666666664 0.07407407407407407
1 0.7307291666666667 0.562037037037037 0.07083333333333333 0.08888888888888889
0 0.7302083333333333 0.3472222222222222 0.05260416666666667 0.09259259259259259
0 0.0578125 0.7851851851851852 0.042708333333333334 0.09166666666666666
0 0.8947916666666667 0.29444444444444445 0.0640625 0.14074074074074075
0 0.7432291666666667 0.11666666666666667 0.08697916666666666 0.12037037037037036
1 0.296875 0.837037037037037 0.03958333333333333 0.09907407407407408
0 0.0125 0.41759259259259257 0.025520833333333333 0.12037037037037036
0 0.20416666666666666 0.6055555555555555 0.05520833333333333 0.09259259259259259
1 0.6927083333333334 0.9592592592592593 0.043229166666666666 0.07962962962962963
0 0.8572916666666667 0.04351851851851852 0.084375 0.08703703703703704
1 0.9307291666666667 0.5824074074074074 0.03854166666666667 0.10925925925925926
1 0.14479166666666668 0.8425925925925926 0.06041666666666667 0.06018518518518518
1 0.8942708333333333 0.8398148148148148 0.021875 0.08148148148148149
1 0.7140625 0.8092592592592592 0.04479166666666667 0.049074074074074076
1 0.15833333333333333 0.15462962962962962 0.058333333333333334 0.07962962962962963
0 0.0109375 0.6342592592592593 0.021875 0.11574074074074074
0 0.3416666666666667 0.023148148148148147 0.05364583333333333 0.044444444444444446
1 0.7567708333333333 0.8064814814814815 0.0390625 0.07222222222222222
