0 0.21484375 0.1099537037037037 0.08528645833333333 0.12962962962962962
0 0.8893229166666666 0.09143518518518519 0.076171875 0.14930555555555555
0 0.85546875 0.5277777777777778 0.09114583333333333 0.13541666666666666
0 0.9791666666666666 0.9236111111111112 0.041015625 0.10300925925925926
0 0.043619791666666664 0.0798611111111111 0.08138020833333333 0.13773148148148148
0 0.2864583333333333 0.9224537037037037 0.078125 0.11226851851851852
0 0.051432291666666664 0.7453703703703703 0.08723958333333333 0.12962962962962962
0 0.040364583333333336 0.9363425925925926 0.08072916666666667 0.1261574074074074
0 0.98828125 0.20023148148148148 0.0234375 0.1111111111111111
0 0.9095052083333334 0.3263888888888889 0.06640625 0.11921296296296297
0 0.4908854166666667 0.6423611111111112 0.08528645833333333 0.13194444444444445
1 0.06901041666666667 0.4537037037037037 0.07291666666666667 0.09953703703703703
1 0.8548177083333334 0.9560185185185185 0.06705729166666667 0.08680555555555555
0 0.9615885416666666 0.44907407407407407 0.076171875 0.12037037037037036
1 0.9537760416666666 0.9965277777777778 0.044270833333333336 0.006944444444444444
0 0.9694010416666666 0.7465277777777778 0.061197916666666664 0.14699074074074073
1 0.19856770833333334 0.23726851851851852 0.043619791666666664 0.10300925925925926
0 0.921875 0.7384259259259259 0.109375 0.16087962962962962
