0 0.9567708333333333 0.8888888888888888 0.0703125 0.11481481481481481
0 0.171875 0.08703703703703704 0.06770833333333333 0.10277777777777777
0 0.7114583333333333 0.07314814814814814 0.06041666666666667 0.11851851851851852
0 0.6838541666666667 0.4222222222222222 0.07239583333333334 0.10740740740740741
0 0.9286458333333333 0.48333333333333334 0.05677083333333333 0.09259259259259259
1 0.1703125 0.9287037037037037 0.059375 0.062037037037037036
0 0.7895833333333333 0.7388888888888889 0.04479166666666667 0.08148148148148149
0 0.08333333333333333 0.9092592592592592 0.04010416666666667 0.08703703703703704
0 0.034895833333333334 0.06388888888888888 0.06458333333333334 0.10925925925925926
0 0.22864583333333333 0.7379629629629629 0.06197916666666667 0.08888888888888889
0 0.040625 0.5953703703703703 0.06927083333333334 0.10277777777777777
0 0.03177083333333333 0.7657407407407407 0.0640625 0.13333333333333333
0 0.809375 0.15925925925925927 0.05625 0.08796296296296297
0 0.7270833333333333 0.2611111111111111 0.05260416666666667 0.09444444444444444
1 0.303125 0.9351851851851852 0.026041666666666668 0.09814814814814815
0 0.3927083333333333 0.512962962962963 0.06770833333333333 0.10462962962962963
0 0.9598958333333333 0.6666666666666666 0.058854166666666666 0.08796296296296297
1 0.0546875 0.36203703703703705 0.0578125 0.0787037037037037
1 0.6838541666666667 0.7703703703703704 0.053125 0.07962962962962963
0 0.7734375 0.35833333333333334 0.06875 0.09537037037037037
0 0.8541666666666666 0.2740740740740741 0.0625 0.10277777777777777
1 0.7625 0.8222222222222222 0.034895833333333334 0.05555555555555555
0 0.9005208333333333 0.08333333333333333 0.06458333333333334 0.09907407407407408
0 0.7802083333333333 0.5972222222222222 0.058333333333333334 0.11666666666666667
1 0.15885416666666666 0.18981481481481483 0.034375 0.08148148148148149
0 0.8619791666666666 0.7407407407407407 0.0484375 0.09074074074074075
0 0.7369791666666666 0.5907407407407408 0.08697916666666666 0.12777777777777777
1 0.8546875 0.8157407407407408 0.042708333333333334 0.1037037037037037
