0 0.1111111111111111 0.9572916666666667 0.11574074074074074 0.07083333333333333
0 0.912962962962963 0.171875 0.1037037037037037 0.06822916666666666
0 0.9268518518518518 0.7114583333333333 0.11944444444444445 0.0609375
0 0.5777777777777777 0.684375 0.10833333333333334 0.07291666666666667
0 0.5166666666666667 0.9291666666666667 0.09351851851851851 0.057291666666666664
1 0.0712962962962963 0.1703125 0.06296296296296296 0.059895833333333336
0 0.2611111111111111 0.7895833333333333 0.0824074074074074 0.0453125
0 0.09074074074074075 0.08385416666666666 0.08796296296296297 0.040625
0 0.9361111111111111 0.034895833333333334 0.11018518518518519 0.06510416666666667
0 0.262037037037037 0.22916666666666666 0.08981481481481482 0.0625
0 0.4046296296296296 0.04114583333333333 0.1037037037037037 0.06979166666666667
0 0.23425925925925925 0.03229166666666667 0.13425925925925927 0.06458333333333334
0 0.8407407407407408 0.809375 0.08888888888888889 0.05677083333333333
0 0.7388888888888889 0.7276041666666667 0.09537037037037037 0.053125
1 0.06481481481481481 0.303125 0.09907407407407408 0.0265625
0 0.48703703703703705 0.3927083333333333 0.10555555555555556 0.06822916666666666
0 0.3333333333333333 0.9604166666666667 0.08888888888888889 0.059375
1 0.637962962962963 0.05520833333333333 0.07962962962962963 0.058333333333333334
1 0.22962962962962963 0.6838541666666667 0.08055555555555556 0.05364583333333333
0 0.6416666666666667 0.7734375 0.0962962962962963 0.06927083333333334
0 0.725925925925926 0.8541666666666666 0.1037037037037037 0.06302083333333333
1 0.17777777777777778 0.7630208333333334 0.05648148148148148 0.035416666666666666
0 0.9166666666666666 0.9005208333333333 0.1 0.06510416666666667
0 0.4027777777777778 0.7802083333333333 0.1175925925925926 0.058854166666666666
1 0.8101851851851852 0.15885416666666666 0.0824074074074074 0.034895833333333334
0 0.25925925925925924 0.8625 0.09166666666666666 0.04895833333333333
0 0.40925925925925927 0.7375 0.1287037037037037 0.0875
1 0.18425925925925926 0.8546875 0.10462962962962963 0.043229166666666666
