1 0.47962962962962963 0.4765625 0.13796296296296295 0.0625
1 0.5888888888888889 0.5005208333333333 0.09074074074074075 0.08020833333333334
1 0.30925925925925923 0.7739583333333333 0.11481481481481481 0.0515625
1 0.09907407407407408 0.18385416666666668 0.13518518518518519 0.10625
1 0.5527777777777778 0.24947916666666667 0.20277777777777778 0.0421875
1 0.23333333333333334 0.5395833333333333 0.05740740740740741 0.059895833333333336
1 0.4 0.20364583333333333 0.08055555555555556 0.11041666666666666
1 0.5981481481481481 0.6197916666666666 0.11203703703703703 0.05416666666666667
1 0.1259259259259259 0.9588541666666667 0.0962962962962963 0.08177083333333333
1 0.07407407407407407 0.6828125 0.0824074074074074 0.06770833333333333
1 0.2759259259259259 0.4140625 0.17777777777777778 0.04739583333333333
1 0.6203703703703703 0.709375 0.12962962962962962 0.0875
1 0.5296296296296297 0.3828125 0.06944444444444445 0.09583333333333334
1 0.35833333333333334 0.9520833333333333 0.09166666666666666 0.0625
1 0.5731481481481482 0.8135416666666667 0.1259259259259259 0.06041666666666667
0 0.23148148148148148 0.9802083333333333 0.08611111111111111 0.03854166666666667
1 0.549074074074074 0.9640625 0.1527777777777778 0.071875
0 0.19166666666666668 0.9635416666666666 0.17407407407407408 0.07135416666666666
