1 0.47604166666666664 0.5203703703703704 0.06197916666666667 0.13703703703703704
1 0.5 0.4111111111111111 0.0796875 0.08981481481481482
1 0.7739583333333333 0.6907407407407408 0.051041666666666666 0.11388888888888889
1 0.18333333333333332 0.9009259259259259 0.10572916666666667 0.13425925925925927
1 0.24947916666666667 0.44722222222222224 0.041666666666666664 0.20185185185185187
1 0.5395833333333333 0.7666666666666667 0.059375 0.05648148148148148
1 0.203125 0.6 0.10989583333333333 0.07962962962962963
1 0.6192708333333333 0.40185185185185185 0.05364583333333333 0.1111111111111111
1 0.9588541666666667 0.8740740740740741 0.08125 0.09537037037037037
1 0.6822916666666666 0.9259259259259259 0.0671875 0.08148148148148149
1 0.4140625 0.7240740740740741 0.046875 0.17685185185185184
1 0.7088541666666667 0.37962962962962965 0.08697916666666666 0.1287037037037037
1 0.38229166666666664 0.4703703703703704 0.0953125 0.06851851851851852
1 0.9515625 0.6416666666666667 0.06197916666666667 0.09074074074074075
1 0.8130208333333333 0.42685185185185187 0.059895833333333336 0.125
0 0.9796875 0.7685185185185185 0.03802083333333333 0.08518518518518518
1 0.9635416666666666 0.45092592592592595 0.07135416666666666 0.15185185185185185
0 0.9635416666666666 0.8083333333333333 0.07083333333333333 0.17314814814814813
