1 0.595703125 0.6504629629629629 0.078125 0.1724537037037037
1 0.6256510416666666 0.5150462962962963 0.10026041666666667 0.11342592592592593
1 0.9674479166666666 0.8645833333333334 0.064453125 0.14351851851851852
1 0.3118489583333333 0.5590277777777778 0.052734375 0.2534722222222222
1 0.6744791666666666 0.9594907407407407 0.07486979166666667 0.07175925925925926
1 0.2545572916666667 0.75 0.13802083333333334 0.10069444444444445
1 0.7747395833333334 0.5023148148148148 0.06770833333333333 0.1400462962962963
1 0.517578125 0.8969907407407407 0.059244791666666664 0.2048611111111111
1 0.88671875 0.4756944444444444 0.109375 0.16203703703703703
1 0.478515625 0.5879629629629629 0.11979166666666667 0.08680555555555555
1 0.9895833333333334 0.5347222222222222 0.020833333333333332 0.1574074074074074
