1 0.3515625 0.24305555555555555 0.08463541666666667 0.15856481481481483
1 0.07421875 0.5451388888888888 0.09700520833333333 0.10185185185185185
1 0.671875 0.6180555555555556 0.06966145833333333 0.12152777777777778
1 0.6822916666666666 0.8958333333333334 0.059244791666666664 0.1111111111111111
1 0.9654947916666666 0.9768518518518519 0.053385416666666664 0.04513888888888889
1 0.9166666666666666 0.2638888888888889 0.06705729166666667 0.13078703703703703
1 0.7096354166666666 0.2662037037037037 0.095703125 0.13773148148148148
1 0.8125 0.6030092592592593 0.050130208333333336 0.1087962962962963
1 0.2994791666666667 0.7152777777777778 0.09440104166666667 0.1388888888888889
1 0.99609375 0.6041666666666666 0.007161458333333333 0.09027777777777778
1 0.4537760416666667 0.5208333333333334 0.0625 0.18981481481481483
1 0.5299479166666666 0.15625 0.05859375 0.17708333333333334
1 0.9908854166666666 0.8067129629629629 0.018229166666666668 0.12152777777777778
1 0.451171875 0.8912037037037037 0.15690104166666666 0.1111111111111111
1 0.158203125 0.9976851851851852 0.10872395833333333 0.004629629629629629
1 0.032552083333333336 0.2974537037037037 0.06510416666666667 0.1111111111111111
