1 0.8055555555555556 0.28125 0.12685185185185185 0.06770833333333333
1 0.5648148148148148 0.059375 0.08148148148148149 0.07760416666666667
1 0.5055555555555555 0.5375 0.09722222222222222 0.05572916666666667
1 0.28425925925925927 0.5458333333333333 0.08888888888888889 0.04739583333333333
1 0.3851851851851852 0.9796875 0.10833333333333334 0.03229166666666667
1 0.1712962962962963 0.7723958333333333 0.13148148148148148 0.042708333333333334
1 0.7888888888888889 0.7333333333333333 0.10462962962962963 0.05364583333333333
1 0.7870370370370371 0.5677083333333334 0.11018518518518519 0.0765625
1 0.5185185185185185 0.65 0.08703703703703704 0.04010416666666667
1 0.6703703703703704 0.8979166666666667 0.11666666666666667 0.0359375
1 0.4287037037037037 0.23958333333333334 0.1111111111111111 0.07552083333333333
1 0.10277777777777777 0.6098958333333333 0.13425925925925927 0.025
1 0.5175925925925926 0.8307291666666666 0.07222222222222222 0.0734375
1 0.13240740740740742 0.3421875 0.12407407407407407 0.040625
1 0.09537037037037037 0.478125 0.14907407407407408 0.04479166666666667
1 0.5842592592592593 0.36302083333333335 0.15185185185185185 0.05
1 0.875 0.4239583333333333 0.14166666666666666 0.046875
1 0.35462962962962963 0.8036458333333333 0.09722222222222222 0.03697916666666667
1 0.8111111111111111 0.9786458333333333 0.09259259259259259 0.03958333333333333
1 0.08055555555555556 0.9 0.09907407407407408 0.06145833333333333
1 0.287962962962963 0.3609375 0.08888888888888889 0.12552083333333333
1 0.1574074074074074 0.1265625 0.09444444444444444 0.08697916666666666
1 0.762962962962963 0.026041666666666668 0.08888888888888889 0.052083333333333336
