1 0.28072916666666664 0.19444444444444445 0.0671875 0.1259259259259259
1 0.059375 0.4351851851851852 0.07708333333333334 0.08055555555555556
1 0.5375 0.49444444444444446 0.05520833333333333 0.0962962962962963
1 0.5458333333333333 0.7157407407407408 0.046875 0.08796296296296297
1 0.9791666666666666 0.6148148148148148 0.03177083333333333 0.10740740740740741
1 0.771875 0.8287037037037037 0.0421875 0.13055555555555556
1 0.7333333333333333 0.2111111111111111 0.053125 0.1037037037037037
1 0.5677083333333334 0.21296296296296297 0.07604166666666666 0.10925925925925926
1 0.65 0.48148148148148145 0.03958333333333333 0.08611111111111111
1 0.8979166666666667 0.3296296296296296 0.035416666666666666 0.11574074074074074
1 0.23958333333333334 0.5712962962962963 0.075 0.11018518518518519
1 0.609375 0.8972222222222223 0.024479166666666666 0.13333333333333333
1 0.8307291666666666 0.4824074074074074 0.07291666666666667 0.0712962962962963
1 0.3416666666666667 0.8675925925925926 0.04010416666666667 0.12314814814814815
1 0.47760416666666666 0.9046296296296297 0.044270833333333336 0.14814814814814814
1 0.3625 0.41574074074074074 0.049479166666666664 0.15092592592592594
1 0.4234375 0.125 0.04635416666666667 0.14074074074074075
1 0.8036458333333333 0.6453703703703704 0.036458333333333336 0.0962962962962963
1 0.978125 0.18888888888888888 0.0390625 0.09166666666666666
1 0.8994791666666667 0.9194444444444444 0.0609375 0.09814814814814815
1 0.3609375 0.712037037037037 0.125 0.08796296296296297
1 0.1265625 0.8425925925925926 0.08645833333333333 0.09351851851851851
1 0.025520833333333333 0.23703703703703705 0.0515625 0.08796296296296297
