1 0.36328125 0.8784722222222222 0.07421875 0.07523148148148148
0 0.8541666666666666 0.08912037037037036 0.061848958333333336 0.10069444444444445
1 0.33203125 0.6944444444444444 0.06770833333333333 0.06365740740740741
1 0.22005208333333334 0.7800925925925926 0.052734375 0.13541666666666666
1 0.57421875 0.7743055555555556 0.0546875 0.0787037037037037
1 0.6861979166666666 0.8587962962962963 0.032552083333333336 0.12384259259259259
1 0.9856770833333334 0.9872685185185185 0.027994791666666668 0.02546296296296296
1 0.671875 0.9918981481481481 0.044921875 0.015046296296296295
1 0.20572916666666666 0.9803240740740741 0.052083333333333336 0.03935185185185185
1 0.8170572916666666 0.8263888888888888 0.035807291666666664 0.12731481481481483
1 0.51171875 0.9861111111111112 0.044921875 0.02662037037037037
1 0.4140625 0.9479166666666666 0.03515625 0.10300925925925926
1 0.8723958333333334 0.9722222222222222 0.06705729166666667 0.05439814814814815
1 0.4733072916666667 0.7719907407407407 0.08072916666666667 0.07407407407407407
1 0.9973958333333334 0.8576388888888888 0.005208333333333333 0.11458333333333333
