1 0.29010416666666666 0.7027777777777777 0.058854166666666666 0.05925925925925926
0 0.6833333333333333 0.0712962962962963 0.04895833333333333 0.07962962962962963
1 0.26510416666666664 0.5555555555555556 0.05364583333333333 0.05
0 0.921875 0.03518518518518519 0.04479166666666667 0.062037037037037036
1 0.17604166666666668 0.6240740740740741 0.041666666666666664 0.10740740740740741
1 0.4588541666666667 0.6185185185185185 0.043229166666666666 0.062037037037037036
1 0.95625 0.7324074074074074 0.036458333333333336 0.10277777777777777
1 0.5484375 0.687037037037037 0.025520833333333333 0.09814814814814815
1 0.23229166666666667 0.887962962962963 0.03697916666666667 0.12222222222222222
1 0.79375 0.8009259259259259 0.0328125 0.04259259259259259
1 0.5375 0.8231481481481482 0.035416666666666666 0.07037037037037037
1 0.1640625 0.8379629629629629 0.04114583333333333 0.1398148148148148
1 0.6536458333333334 0.6601851851851852 0.028125 0.10092592592592593
1 0.409375 0.8148148148148148 0.035416666666666666 0.07222222222222222
1 0.3307291666666667 0.7703703703703704 0.027604166666666666 0.10648148148148148
1 0.6979166666666666 0.7888888888888889 0.053125 0.06481481481481481
1 0.48385416666666664 0.9675925925925926 0.04479166666666667 0.062037037037037036
1 0.378125 0.6166666666666667 0.0640625 0.058333333333333334
1 0.8151041666666666 0.6861111111111111 0.03854166666666667 0.09074074074074075
1 0.703125 0.9074074074074074 0.03958333333333333 0.053703703703703705
1 0.9802083333333333 0.8944444444444445 0.0375 0.03611111111111111
1 0.8859375 0.8703703703703703 0.023958333333333335 0.10740740740740741
1 0.3171875 0.9777777777777777 0.028125 0.04259259259259259
1 0.85625 0.9611111111111111 0.03333333333333333 0.07314814814814814
1 0.6203125 0.925 0.0390625 0.05648148148148148
