1 0.2972222222222222 0.290625 0.06018518518518518 0.059375
0 0.9287037037037037 0.6833333333333333 0.08055555555555556 0.049479166666666664
1 0.4444444444444444 0.265625 0.05092592592592592 0.05416666666666667
0 0.9648148148148148 0.921875 0.06296296296296296 0.0453125
1 0.37592592592592594 0.17604166666666668 0.10833333333333334 0.0421875
1 0.3814814814814815 0.459375 0.06296296296296296 0.04375
1 0.2675925925925926 0.95625 0.1037037037037037 0.03697916666666667
1 0.31296296296296294 0.5489583333333333 0.09907407407407408 0.026041666666666668
1 0.11203703703703703 0.2328125 0.12314814814814815 0.0375
1 0.19907407407407407 0.7942708333333334 0.04351851851851852 0.03333333333333333
1 0.17685185185185184 0.5375 0.0712962962962963 0.0359375
1 0.16203703703703703 0.16458333333333333 0.14074074074074075 0.041666666666666664
1 0.3398148148148148 0.6536458333333334 0.10185185185185185 0.028645833333333332
1 0.18518518518518517 0.409375 0.07314814814814814 0.0359375
1 0.22962962962962963 0.33125 0.10740740740740741 0.028125
1 0.2111111111111111 0.6979166666666666 0.06574074074074074 0.05364583333333333
1 0.032407407407407406 0.48385416666666664 0.06296296296296296 0.0453125
1 0.38333333333333336 0.37864583333333335 0.05925925925925926 0.06458333333333334
1 0.3138888888888889 0.8151041666666666 0.09166666666666666 0.0390625
1 0.09259259259259259 0.703125 0.05462962962962963 0.04010416666666667
1 0.10555555555555556 0.9802083333333333 0.037037037037037035 0.03802083333333333
1 0.12962962962962962 0.8859375 0.10833333333333334 0.024479166666666666
1 0.022222222222222223 0.3171875 0.04351851851851852 0.028645833333333332
1 0.03888888888888889 0.85625 0.07407407407407407 0.033854166666666664
1 0.075 0.6208333333333333 0.05740740740740741 0.03958333333333333
