1 0.07314814814814814 0.16197916666666667 0.08425925925925926 0.05625
0 0.5509259259259259 0.38229166666666664 0.11481481481481481 0.05677083333333333
1 0.06851851851851852 0.7838541666666666 0.10555555555555556 0.06145833333333333
1 0.5962962962962963 0.86875 0.125 0.0484375
1 0.41203703703703703 0.9619791666666667 0.11574074074074074 0.04895833333333333
1 0.26666666666666666 0.8151041666666666 0.075 0.07552083333333333
1 0.06111111111111111 0.35833333333333334 0.08518518518518518 0.10052083333333334
1 0.3416666666666667 0.24479166666666666 0.14629629629629629 0.03854166666666667
1 0.8240740740740741 0.8130208333333333 0.13518518518518519 0.07552083333333333
1 0.38796296296296295 0.03177083333333333 0.11018518518518519 0.06354166666666666
1 0.5962962962962963 0.9489583333333333 0.13333333333333333 0.0578125
0 0.7703703703703704 0.05 0.16666666666666666 0.1
1 0.4777777777777778 0.7885416666666667 0.08981481481481482 0.07291666666666667
1 0.3509259259259259 0.13645833333333332 0.0962962962962963 0.042708333333333334
1 0.13796296296296295 0.024479166666666666 0.0712962962962963 0.049479166666666664
1 0.22870370370370371 0.9104166666666667 0.08703703703703704 0.06458333333333334
1 0.7972222222222223 0.8609375 0.0787037037037037 0.0296875
1 0.1675925925925926 0.9557291666666666 0.17037037037037037 0.027604166666666666
0 0.6435185185185185 0.0671875 0.175 0.0875
1 0.020370370370370372 0.028645833333333332 0.03981481481481482 0.057291666666666664
