1 0.16145833333333334 0.9268518518518518 0.05572916666666667 0.08333333333333333
0 0.38229166666666664 0.44907407407407407 0.05625 0.11388888888888889
1 0.7833333333333333 0.9314814814814815 0.0609375 0.10462962962962963
1 0.86875 0.40370370370370373 0.04791666666666667 0.12407407407407407
1 0.9614583333333333 0.5879629629629629 0.0484375 0.11481481481481481
1 0.8151041666666666 0.7333333333333333 0.075 0.07407407407407407
1 0.35833333333333334 0.9388888888888889 0.1 0.08425925925925926
1 0.24427083333333333 0.6583333333333333 0.03802083333333333 0.14537037037037037
1 0.8130208333333333 0.17592592592592593 0.075 0.13425925925925927
1 0.03125 0.612037037037037 0.06302083333333333 0.10925925925925926
1 0.9489583333333333 0.40370370370370373 0.057291666666666664 0.13240740740740742
0 0.049479166666666664 0.22962962962962963 0.09947916666666666 0.16574074074074074
1 0.7880208333333333 0.5222222222222223 0.07239583333333334 0.08888888888888889
1 0.1359375 0.649074074074074 0.0421875 0.09537037037037037
1 0.024479166666666666 0.862037037037037 0.04895833333333333 0.07037037037037037
1 0.9098958333333333 0.7712962962962963 0.0640625 0.08611111111111111
1 0.8609375 0.20277777777777778 0.029166666666666667 0.07777777777777778
1 0.9557291666666666 0.8324074074074074 0.027083333333333334 0.16944444444444445
0 0.06666666666666667 0.35648148148148145 0.08697916666666666 0.17407407407407408
1 0.028125 0.9796296296296296 0.05677083333333333 0.03888888888888889
