0 0.16018518518518518 0.7026041666666667 0.11481481481481481 0.06458333333333334
0 0.26851851851851855 0.8880208333333334 0.16666666666666666 0.08489583333333334
0 0.9361111111111111 0.96875 0.12685185185185185 0.05
1 0.5935185185185186 0.05520833333333333 0.11481481481481481 0.05416666666666667
0 0.28703703703703703 0.6453125 0.1388888888888889 0.096875
0 0.4861111111111111 0.6630208333333333 0.1287037037037037 0.058854166666666666
1 0.33611111111111114 0.2760416666666667 0.08425925925925926 0.04375
1 0.08796296296296297 0.8338541666666667 0.06851851851851852 0.07447916666666667
1 0.5814814814814815 0.25052083333333336 0.1259259259259259 0.043229166666666666
0 0.6064814814814815 0.7786458333333334 0.11851851851851852 0.07708333333333334
1 0.9277777777777778 0.7807291666666667 0.12037037037037036 0.042708333333333334
1 0.8824074074074074 0.2765625 0.1685185185185185 0.0390625
1 0.7944444444444444 0.07291666666666667 0.06481481481481481 0.03958333333333333
1 0.7490740740740741 0.6875 0.08981481481481482 0.07864583333333333
1 0.2351851851851852 0.07552083333333333 0.09166666666666666 0.0484375
1 0.17777777777777778 0.14270833333333333 0.16574074074074074 0.04739583333333333
1 0.42592592592592593 0.15885416666666666 0.11388888888888889 0.04479166666666667
1 0.6064814814814815 0.14479166666666668 0.11574074074074074 0.06302083333333333
1 0.787962962962963 0.2921875 0.13240740740740742 0.0578125
1 0.1361111111111111 0.196875 0.0824074074074074 0.0609375
1 0.9259259259259259 0.16979166666666667 0.14074074074074075 0.05677083333333333
1 0.10833333333333334 0.9833333333333333 0.1425925925925926 0.03333333333333333
