0 0.7020833333333333 0.8398148148148148 0.0640625 0.11388888888888889
0 0.8880208333333334 0.7314814814814815 0.084375 0.16574074074074074
0 0.9682291666666667 0.06296296296296296 0.049479166666666664 0.12685185185185185
1 0.0546875 0.4064814814814815 0.05364583333333333 0.11388888888888889
0 0.6447916666666667 0.7129629629629629 0.09635416666666667 0.13796296296296295
0 0.6630208333333333 0.5138888888888888 0.058333333333333334 0.12777777777777777
1 0.2755208333333333 0.6638888888888889 0.043229166666666666 0.08333333333333333
1 0.8338541666666667 0.9120370370370371 0.07395833333333333 0.06759259259259259
1 0.25052083333333336 0.4185185185185185 0.042708333333333334 0.125
0 0.778125 0.39351851851851855 0.0765625 0.1175925925925926
1 0.7802083333333333 0.07222222222222222 0.0421875 0.11944444444444445
1 0.2765625 0.1175925925925926 0.03854166666666667 0.1675925925925926
1 0.07239583333333334 0.20555555555555555 0.0390625 0.06388888888888888
1 0.6875 0.25092592592592594 0.078125 0.08888888888888889
1 0.07552083333333333 0.7648148148148148 0.04791666666666667 0.09074074074074075
1 0.14270833333333333 0.8222222222222222 0.046875 0.1648148148148148
1 0.15833333333333333 0.5740740740740741 0.044270833333333336 0.11296296296296296
1 0.14479166666666668 0.39351851851851855 0.0625 0.11481481481481481
1 0.2921875 0.21203703703703702 0.057291666666666664 0.13148148148148148
1 0.196875 0.8638888888888889 0.06041666666666667 0.08148148148148149
1 0.16979166666666667 0.07407407407407407 0.05625 0.1398148148148148
1 0.9828125 0.8916666666666667 0.0328125 0.14166666666666666
