0 0.8782552083333334 0.9895833333333334 0.08072916666666667 0.020833333333333332
1 0.06901041666666667 0.5092592592592593 0.06770833333333333 0.14351851851851852
0 0.806640625 0.8923611111111112 0.12109375 0.1736111111111111
0 0.8287760416666666 0.6423611111111112 0.07356770833333333 0.16087962962962962
1 0.3450520833333333 0.8298611111111112 0.0546875 0.10532407407407407
1 0.3131510416666667 0.5243055555555556 0.054036458333333336 0.1574074074074074
0 0.9622395833333334 0.4930555555555556 0.07486979166666667 0.14814814814814814
1 0.974609375 0.09143518518518519 0.05078125 0.15046296296296297
1 0.345703125 0.14814814814814814 0.048828125 0.21064814814814814
1 0.09114583333333333 0.25810185185185186 0.049479166666666664 0.08101851851851852
1 0.859375 0.3136574074074074 0.09830729166666667 0.11226851851851852
1 0.09440104166666667 0.9490740740740741 0.060546875 0.10069444444444445
1 0.17838541666666666 0.9618055555555556 0.059244791666666664 0.07523148148148148
1 0.19856770833333334 0.7175925925925926 0.055989583333333336 0.1423611111111111
1 0.18098958333333334 0.49189814814814814 0.07877604166666667 0.14467592592592593
1 0.365234375 0.2650462962962963 0.072265625 0.16550925925925927
1 0.21223958333333334 0.09375 0.07096354166666667 0.17592592592592593
