0 0.43645833333333334 0.06481481481481481 0.06666666666666667 0.13055555555555556
1 0.6828125 0.6555555555555556 0.04791666666666667 0.10833333333333334
1 0.7614583333333333 0.7657407407407407 0.03854166666666667 0.1259259259259259
0 0.3416666666666667 0.04537037037037037 0.065625 0.08703703703703704
1 0.2989583333333333 0.6287037037037037 0.058854166666666666 0.05555555555555555
0 0.059375 0.09444444444444444 0.07604166666666666 0.11481481481481481
1 0.28802083333333334 0.8 0.04635416666666667 0.06851851851851852
1 0.8885416666666667 0.600925925925926 0.07916666666666666 0.05092592592592592
1 0.7708333333333334 0.5916666666666667 0.03333333333333333 0.09444444444444444
1 0.14635416666666667 0.5990740740740741 0.05625 0.06111111111111111
1 0.5895833333333333 0.6453703703703704 0.06197916666666667 0.053703703703703705
1 0.6640625 0.8972222222222223 0.025 0.08981481481481482
1 0.503125 0.7083333333333334 0.0390625 0.08148148148148149
1 0.20625 0.5601851851851852 0.06875 0.09814814814814815
1 0.7083333333333334 0.9518518518518518 0.0578125 0.046296296296296294
1 0.37395833333333334 0.775 0.05260416666666667 0.06388888888888888
1 0.415625 0.5833333333333334 0.04114583333333333 0.0787037037037037
1 0.5828125 0.8481481481481481 0.025520833333333333 0.09166666666666666
0 0.21510416666666668 0.022222222222222223 0.021354166666666667 0.04351851851851852
1 0.29322916666666665 0.9185185185185185 0.05572916666666667 0.04814814814814815
1 0.15260416666666668 0.7490740740740741 0.09322916666666667 0.08796296296296297
1 0.5713541666666667 0.5370370370370371 0.03958333333333333 0.08055555555555556
1 0.4546875 0.8592592592592593 0.0265625 0.06666666666666667
1 0.8265625 0.8018518518518518 0.04895833333333333 0.12777777777777777
1 0.011458333333333333 0.8222222222222222 0.0234375 0.075
0 0.5020833333333333 0.018518518518518517 0.030208333333333334 0.032407407407407406
1 0.10885416666666667 0.8537037037037037 0.0609375 0.10925925925925926
1 0.734375 0.027777777777777776 0.027604166666666666 0.05555555555555555
