0 0.5455729166666666 0.08217592592592593 0.083984375 0.16435185185185186
1 0.853515625 0.8206018518518519 0.060546875 0.13657407407407407
1 0.9518229166666666 0.9386574074074074 0.048828125 0.12152777777777778
0 0.4270833333333333 0.056712962962962965 0.08268229166666667 0.1099537037037037
1 0.3743489583333333 0.7858796296296297 0.07421875 0.07060185185185185
0 0.07421875 0.11805555555555555 0.095703125 0.14467592592592593
1 0.3606770833333333 0.9780092592592593 0.05859375 0.04282407407407408
1 0.9635416666666666 0.7395833333333334 0.042317708333333336 0.11921296296296297
1 0.18294270833333334 0.7488425925925926 0.07096354166666667 0.0775462962962963
1 0.7376302083333334 0.8067129629629629 0.078125 0.06828703703703703
1 0.6295572916666666 0.8854166666666666 0.049479166666666664 0.10300925925925926
1 0.2578125 0.7002314814814815 0.08658854166666667 0.12384259259259259
1 0.4680989583333333 0.9641203703703703 0.06640625 0.07060185185185185
1 0.5201822916666666 0.7303240740740741 0.052083333333333336 0.09953703703703703
0 0.26953125 0.028935185185185185 0.02734375 0.05555555555555555
1 0.19140625 0.9375 0.1171875 0.1111111111111111
1 0.7141927083333334 0.6724537037037037 0.050130208333333336 0.10185185185185185
1 0.014973958333333334 0.9907407407407407 0.029947916666666668 0.018518518518518517
0 0.6276041666666666 0.024305555555555556 0.038411458333333336 0.041666666666666664
1 0.13671875 0.9988425925925926 0.07682291666666667 0.0011574074074074073
1 0.9186197916666666 0.034722222222222224 0.03515625 0.07060185185185185
