0 0.9342592592592592 0.43645833333333334 0.13055555555555556 0.0671875
1 0.34444444444444444 0.6828125 0.10925925925925926 0.0484375
1 0.23425925925925925 0.7614583333333333 0.12685185185185185 0.0390625
0 0.9546296296296296 0.3416666666666667 0.08796296296296297 0.06614583333333333
1 0.3712962962962963 0.2994791666666667 0.05648148148148148 0.059375
0 0.9055555555555556 0.059375 0.11574074074074074 0.0765625
1 0.2 0.28854166666666664 0.06944444444444445 0.046875
1 0.3990740740740741 0.8885416666666667 0.05185185185185185 0.0796875
1 0.4083333333333333 0.7708333333333334 0.09537037037037037 0.033854166666666664
1 0.4009259259259259 0.14635416666666667 0.062037037037037036 0.05677083333333333
1 0.35462962962962963 0.5901041666666667 0.05462962962962963 0.0625
1 0.10277777777777777 0.6640625 0.09074074074074075 0.025520833333333333
1 0.2916666666666667 0.5036458333333333 0.0824074074074074 0.03958333333333333
1 0.4398148148148148 0.20625 0.09907407407407408 0.06927083333333334
1 0.04814814814814815 0.7088541666666667 0.04722222222222222 0.058333333333333334
1 0.225 0.37447916666666664 0.06481481481481481 0.053125
1 0.4166666666666667 0.4161458333333333 0.07962962962962963 0.041666666666666664
1 0.15185185185185185 0.5833333333333334 0.09259259259259259 0.026041666666666668
0 0.9777777777777777 0.215625 0.044444444444444446 0.021875
1 0.08148148148148149 0.29375 0.049074074074074076 0.05625
1 0.25092592592592594 0.153125 0.08888888888888889 0.09375
1 0.46296296296296297 0.5713541666666667 0.08148148148148149 0.04010416666666667
1 0.14074074074074075 0.4552083333333333 0.06759259259259259 0.027083333333333334
1 0.19814814814814816 0.8265625 0.1287037037037037 0.049479166666666664
1 0.17777777777777778 0.011979166666666667 0.07592592592592592 0.023958333333333335
0 0.9814814814814815 0.5020833333333333 0.03333333333333333 0.030729166666666665
1 0.14629629629629629 0.109375 0.11018518518518519 0.06145833333333333
1 0.9722222222222222 0.7348958333333333 0.05555555555555555 0.028125
