0 0.51953125 0.8576388888888888 0.048828125 0.08333333333333333
0 0.4915364583333333 0.7407407407407407 0.043619791666666664 0.0775462962962963
0 0.6048177083333334 0.5416666666666666 0.052083333333333336 0.08333333333333333
0 0.5403645833333334 0.4409722222222222 0.055989583333333336 0.09259259259259259
0 0.7805989583333334 0.9189814814814815 0.052083333333333336 0.0787037037037037
0 0.6393229166666666 0.7025462962962963 0.045572916666666664 0.08101851851851852
0 0.7154947916666666 0.5729166666666666 0.038411458333333336 0.0798611111111111
0 0.8470052083333334 0.40625 0.031901041666666664 0.05324074074074074
0 0.8561197916666666 0.6342592592592593 0.027994791666666668 0.03935185185185185
0 0.5266927083333334 0.6921296296296297 0.044921875 0.06944444444444445
0 0.69140625 0.9953703703703703 0.03125 0.009259259259259259
