0 0.415625 0.6851851851851852 0.03854166666666667 0.06574074074074074
0 0.4171875 0.8657407407407407 0.034375 0.04259259259259259
0 0.4473958333333333 0.9351851851851852 0.040625 0.07685185185185185
0 0.3932291666666667 0.5925925925925926 0.034375 0.06111111111111111
0 0.48333333333333334 0.4324074074074074 0.04114583333333333 0.06574074074074074
0 0.4317708333333333 0.35185185185185186 0.044270833333333336 0.07314814814814814
0 0.6239583333333333 0.7342592592592593 0.04114583333333333 0.062037037037037036
0 0.5109375 0.5611111111111111 0.0359375 0.06388888888888888
0 0.5723958333333333 0.4583333333333333 0.030208333333333334 0.06296296296296296
0 0.9307291666666667 0.8462962962962963 0.022916666666666665 0.04259259259259259
0 0.6776041666666667 0.32407407407407407 0.025 0.041666666666666664
0 0.6848958333333334 0.5064814814814815 0.021875 0.030555555555555555
0 0.42135416666666664 0.5527777777777778 0.035416666666666666 0.05462962962962963
0 0.5526041666666667 0.8092592592592592 0.024479166666666666 0.03425925925925926
