0 0.3148148148148148 0.415625 0.06666666666666667 0.0390625
0 0.13425925925925927 0.4171875 0.04351851851851852 0.034895833333333334
0 0.06481481481481481 0.4473958333333333 0.07777777777777778 0.04114583333333333
0 0.4074074074074074 0.3932291666666667 0.062037037037037036 0.034895833333333334
0 0.5675925925925925 0.48385416666666664 0.06666666666666667 0.041666666666666664
0 0.6481481481481481 0.4322916666666667 0.07407407407407407 0.04479166666666667
0 0.2657407407407407 0.6244791666666667 0.06296296296296296 0.041666666666666664
0 0.4388888888888889 0.5114583333333333 0.06481481481481481 0.036458333333333336
0 0.5416666666666666 0.5723958333333333 0.06388888888888888 0.030729166666666665
0 0.1537037037037037 0.9307291666666667 0.04351851851851852 0.0234375
0 0.6759259259259259 0.6776041666666667 0.04259259259259259 0.025520833333333333
0 0.4935185185185185 0.6848958333333334 0.03148148148148148 0.022395833333333334
0 0.44722222222222224 0.42135416666666664 0.05555555555555555 0.0359375
0 0.19074074074074074 0.553125 0.03518518518518519 0.025
