0 0.6583333333333333 0.2601851851851852 0.03333333333333333 0.05740740740740741
0 0.715625 0.29444444444444445 0.03958333333333333 0.07407407407407407
0 0.7645833333333333 0.25833333333333336 0.034375 0.05555555555555555
0 0.69375 0.5907407407407408 0.042708333333333334 0.09166666666666666
0 0.6401041666666667 0.6342592592592593 0.035416666666666666 0.06851851851851852
0 0.5739583333333333 0.7722222222222223 0.0375 0.062037037037037036
0 0.6052083333333333 0.575 0.03229166666666667 0.05092592592592592
0 0.7458333333333333 0.8527777777777777 0.05364583333333333 0.08888888888888889
0 0.6645833333333333 0.19814814814814816 0.019791666666666666 0.032407407407407406
0 0.628125 0.3287037037037037 0.0421875 0.06944444444444445
0 0.7791666666666667 0.32314814814814813 0.0375 0.058333333333333334
0 0.80625 0.4888888888888889 0.017708333333333333 0.040740740740740744
