0 0.7398148148148148 0.6583333333333333 0.058333333333333334 0.033854166666666664
0 0.7055555555555556 0.715625 0.075 0.04010416666666667
0 0.7416666666666667 0.7645833333333333 0.05648148148148148 0.034895833333333334
0 0.40925925925925927 0.69375 0.09259259259259259 0.043229166666666666
0 0.36574074074074076 0.6401041666666667 0.06944444444444445 0.0359375
0 0.22777777777777777 0.5739583333333333 0.06296296296296296 0.03802083333333333
0 0.425 0.6052083333333333 0.05185185185185185 0.0328125
0 0.14722222222222223 0.7463541666666667 0.08981481481481482 0.05416666666666667
0 0.8018518518518518 0.6645833333333333 0.03333333333333333 0.0203125
0 0.6712962962962963 0.6286458333333333 0.07037037037037037 0.042708333333333334
0 0.6768518518518518 0.7791666666666667 0.05925925925925926 0.03802083333333333
0 0.5111111111111111 0.80625 0.041666666666666664 0.018229166666666668
