0 0.8229166666666666 0.32523148148148145 0.042317708333333336 0.07291666666666667
0 0.89453125 0.3680555555555556 0.050130208333333336 0.09375
0 0.9557291666666666 0.3229166666666667 0.043619791666666664 0.07060185185185185
0 0.8671875 0.7395833333333334 0.054036458333333336 0.11574074074074074
0 0.8001302083333334 0.7928240740740741 0.044921875 0.08680555555555555
0 0.7174479166666666 0.9629629629629629 0.047526041666666664 0.07291666666666667
0 0.7565104166666666 0.7199074074074074 0.041015625 0.06481481481481481
0 0.8307291666666666 0.2488425925925926 0.025390625 0.041666666666666664
0 0.7858072916666666 0.41203703703703703 0.053385416666666664 0.08796296296296297
0 0.9739583333333334 0.4050925925925926 0.047526041666666664 0.07407407407407407
0 0.998046875 0.6111111111111112 0.0032552083333333335 0.052083333333333336
