0 0.7555555555555555 0.23125 0.07222222222222222 0.04010416666666667
0 0.7240740740740741 0.2765625 0.07777777777777778 0.042708333333333334
0 0.3712962962962963 0.21302083333333333 0.07685185185185185 0.040625
0 0.41944444444444445 0.26666666666666666 0.08333333333333333 0.04114583333333333
0 0.7583333333333333 0.34322916666666664 0.06574074074074074 0.035416666666666666
0 0.687037037037037 0.1890625 0.07962962962962963 0.04635416666666667
0 0.43333333333333335 0.17864583333333334 0.05555555555555555 0.0359375
0 0.23148148148148148 0.14427083333333332 0.06388888888888888 0.042708333333333334
0 0.15462962962962962 0.32083333333333336 0.08888888888888889 0.052083333333333336
0 0.6916666666666667 0.3578125 0.06018518518518518 0.04114583333333333
0 0.5277777777777778 0.39114583333333336 0.062037037037037036 0.028645833333333332
0 0.8194444444444444 0.23489583333333333 0.040740740740740744 0.023958333333333335
