0 0.23125 0.24444444444444444 0.03958333333333333 0.0712962962962963
0 0.2760416666666667 0.2759259259259259 0.0421875 0.07685185185185185
0 0.2125 0.6287037037037037 0.04010416666666667 0.07592592592592592
0 0.26666666666666666 0.5805555555555556 0.040625 0.0824074074074074
0 0.34270833333333334 0.24166666666666667 0.034895833333333334 0.06481481481481481
0 0.1890625 0.31296296296296294 0.04583333333333333 0.0787037037037037
0 0.17864583333333334 0.5666666666666667 0.035416666666666666 0.05462962962962963
0 0.14375 0.7685185185185185 0.0421875 0.06296296296296296
0 0.3203125 0.8453703703703703 0.0515625 0.08796296296296297
0 0.3578125 0.30833333333333335 0.040625 0.05925925925925926
0 0.39114583333333336 0.4722222222222222 0.028125 0.06111111111111111
0 0.234375 0.18055555555555555 0.0234375 0.03981481481481482
