0 0.2890625 0.30671296296296297 0.050130208333333336 0.09027777777777778
0 0.345703125 0.3460648148148148 0.053385416666666664 0.09722222222222222
0 0.2662760416666667 0.7858796296296297 0.05078125 0.09606481481481481
0 0.3333333333333333 0.7268518518518519 0.051432291666666664 0.10416666666666667
0 0.4290364583333333 0.3020833333333333 0.044270833333333336 0.08217592592592593
0 0.236328125 0.3923611111111111 0.057942708333333336 0.09953703703703703
0 0.22330729166666666 0.7094907407407407 0.044921875 0.06944444444444445
0 0.18033854166666666 0.9606481481481481 0.053385416666666664 0.0787037037037037
0 0.447265625 0.3854166666666667 0.051432291666666664 0.07523148148148148
0 0.4889322916666667 0.5902777777777778 0.035807291666666664 0.0775462962962963
0 0.2936197916666667 0.22685185185185186 0.029947916666666668 0.05092592592592592
