0 0.8138888888888889 0.6510416666666666 0.07037037037037037 0.04114583333333333
0 0.12962962962962962 0.42239583333333336 0.11203703703703703 0.051041666666666666
0 0.825925925925926 0.3848958333333333 0.08703703703703704 0.041666666666666664
0 0.09537037037037037 0.7796875 0.08888888888888889 0.05625
0 0.8629629629629629 0.5328125 0.09351851851851851 0.0453125
0 0.875 0.5979166666666667 0.06388888888888888 0.035416666666666666
0 0.774074074074074 0.5994791666666667 0.08055555555555556 0.04895833333333333
0 0.14814814814814814 0.315625 0.07592592592592592 0.04739583333333333
0 0.8 0.7869791666666667 0.09537037037037037 0.044270833333333336
0 0.10555555555555556 0.375 0.09166666666666666 0.044270833333333336
0 0.8888888888888888 0.45208333333333334 0.05648148148148148 0.03229166666666667
0 0.1685185185185185 0.7104166666666667 0.06018518518518518 0.033854166666666664
0 0.8833333333333333 0.3260416666666667 0.08425925925925926 0.034895833333333334
0 0.9101851851851852 0.3619791666666667 0.0824074074074074 0.06197916666666667
