0 0.6510416666666666 0.18611111111111112 0.040625 0.06944444444444445
0 0.421875 0.8703703703703703 0.050520833333333334 0.1111111111111111
0 0.384375 0.17407407407407408 0.04114583333333333 0.08611111111111111
0 0.7791666666666667 0.9046296296296297 0.05572916666666667 0.08796296296296297
0 0.5328125 0.13703703703703704 0.04479166666666667 0.09259259259259259
0 0.5973958333333333 0.125 0.034895833333333334 0.06296296296296296
0 0.5989583333333334 0.22592592592592592 0.0484375 0.07962962962962963
0 0.315625 0.8518518518518519 0.046875 0.075
0 0.7869791666666667 0.2 0.04375 0.09444444444444444
0 0.375 0.8944444444444445 0.04375 0.09074074074074075
0 0.4515625 0.1111111111111111 0.03177083333333333 0.05555555555555555
0 0.7104166666666667 0.8314814814814815 0.03333333333333333 0.05925925925925926
0 0.3260416666666667 0.11666666666666667 0.034375 0.08333333333333333
0 0.3619791666666667 0.08981481481481482 0.06145833333333333 0.08148148148148149
