0 0.7151041666666667 0.15092592592592594 0.05364583333333333 0.09351851851851851
0 0.8572916666666667 0.23425925925925925 0.046875 0.08611111111111111
0 0.6869791666666667 0.25555555555555554 0.04739583333333333 0.08888888888888889
0 0.759375 0.09166666666666666 0.04375 0.08425925925925926
0 0.7994791666666666 0.2833333333333333 0.04791666666666667 0.0824074074074074
0 0.9317708333333333 0.19814814814814816 0.04583333333333333 0.08518518518518518
0 0.7890625 0.15555555555555556 0.0421875 0.07222222222222222
0 0.9677083333333333 0.13425925925925927 0.03958333333333333 0.06851851851851852
0 0.9817708333333334 0.18703703703703703 0.033854166666666664 0.09537037037037037
0 0.78125 0.22962962962962963 0.0453125 0.06944444444444445
