0 0.8490740740740741 0.715625 0.09444444444444444 0.05416666666666667
0 0.7657407407407407 0.8572916666666667 0.08703703703703704 0.04739583333333333
0 0.7444444444444445 0.6875 0.08981481481481482 0.04791666666666667
0 0.9083333333333333 0.759375 0.08518518518518518 0.044270833333333336
0 0.7166666666666667 0.7994791666666666 0.08333333333333333 0.0484375
0 0.8018518518518518 0.9317708333333333 0.08611111111111111 0.04635416666666667
0 0.8444444444444444 0.7895833333333333 0.07314814814814814 0.042708333333333334
0 0.8657407407407407 0.9677083333333333 0.06944444444444445 0.04010416666666667
0 0.812962962962963 0.9822916666666667 0.0962962962962963 0.034375
0 0.7703703703703704 0.7817708333333333 0.07037037037037037 0.04583333333333333
