1 0.2574074074074074 0.6322916666666667 0.14074074074074075 0.0515625
1 0.5092592592592593 0.16927083333333334 0.08148148148148149 0.050520833333333334
0 0.9398148148148148 0.4953125 0.12037037037037036 0.07135416666666666
0 0.7462962962962963 0.6229166666666667 0.13055555555555556 0.0953125
1 0.28703703703703703 0.14270833333333333 0.1648148148148148 0.1234375
0 0.9407407407407408 0.36875 0.09351851851851851 0.0609375
1 0.07685185185185185 0.18854166666666666 0.062037037037037036 0.0671875
1 0.7777777777777778 0.2989583333333333 0.0824074074074074 0.058854166666666666
1 0.3962962962962963 0.6666666666666666 0.07222222222222222 0.08854166666666667
1 0.4324074074074074 0.33229166666666665 0.10925925925925926 0.0625
1 0.8166666666666667 0.4557291666666667 0.15462962962962962 0.03125
1 0.24351851851851852 0.5072916666666667 0.13518518518518519 0.04114583333333333
1 0.8277777777777777 0.19166666666666668 0.10648148148148148 0.09322916666666667
1 0.43425925925925923 0.4421875 0.11203703703703703 0.0421875
1 0.5601851851851852 0.23645833333333333 0.09444444444444444 0.0515625
1 0.21296296296296297 0.2630208333333333 0.07592592592592592 0.051041666666666666
1 0.025925925925925925 0.3890625 0.04814814814814815 0.04479166666666667
