1 0.6322916666666667 0.7425925925925926 0.051041666666666666 0.1398148148148148
1 0.16927083333333334 0.49074074074074076 0.05 0.08055555555555556
0 0.4953125 0.06018518518518518 0.07083333333333333 0.12037037037037036
0 0.6229166666666667 0.2537037037037037 0.09479166666666666 0.12962962962962962
1 0.14270833333333333 0.7129629629629629 0.12291666666666666 0.1638888888888889
0 0.36875 0.05925925925925926 0.06041666666666667 0.09259259259259259
1 0.18854166666666666 0.9231481481481482 0.06666666666666667 0.06111111111111111
1 0.2989583333333333 0.2222222222222222 0.058333333333333334 0.08148148148148149
1 0.6661458333333333 0.6037037037037037 0.08802083333333334 0.0712962962962963
1 0.33177083333333335 0.5675925925925925 0.06197916666666667 0.10833333333333334
1 0.4552083333333333 0.18333333333333332 0.030729166666666665 0.1537037037037037
1 0.5072916666666667 0.7564814814814815 0.040625 0.13425925925925927
1 0.19166666666666668 0.17222222222222222 0.09270833333333334 0.10555555555555556
1 0.4421875 0.5657407407407408 0.041666666666666664 0.1111111111111111
1 0.23645833333333333 0.4398148148148148 0.051041666666666666 0.09351851851851851
1 0.2625 0.7870370370370371 0.050520833333333334 0.075
1 0.3885416666666667 0.9740740740740741 0.044270833333333336 0.04722222222222222
