1 0.7903645833333334 0.9201388888888888 0.064453125 0.15856481481481483
1 0.21158854166666666 0.6145833333333334 0.06315104166666667 0.10185185185185185
0 0.619140625 0.07523148148148148 0.08919270833333333 0.15162037037037038
0 0.7786458333333334 0.31712962962962965 0.119140625 0.16319444444444445
1 0.17838541666666666 0.8923611111111112 0.154296875 0.20601851851851852
0 0.4609375 0.07407407407407407 0.076171875 0.11689814814814815
1 0.3736979166666667 0.2777777777777778 0.07356770833333333 0.10300925925925926
1 0.8333333333333334 0.7557870370370371 0.11067708333333333 0.09027777777777778
1 0.4153645833333333 0.7106481481481481 0.078125 0.13657407407407407
1 0.5696614583333334 0.22916666666666666 0.0390625 0.19328703703703703
1 0.6341145833333334 0.9305555555555556 0.051432291666666664 0.13773148148148148
1 0.23958333333333334 0.2152777777777778 0.11653645833333333 0.13310185185185186
1 0.552734375 0.7071759259259259 0.052734375 0.1400462962962963
1 0.2955729166666667 0.5509259259259259 0.064453125 0.11805555555555555
1 0.3287760416666667 0.96875 0.06380208333333333 0.0625
