0 0.625 0.6851851851851852 0.03854166666666667 0.06851851851851852
0 0.6015625 0.5925925925925926 0.033854166666666664 0.06111111111111111
0 0.71875 0.562037037037037 0.03697916666666667 0.06666666666666667
0 0.6244791666666667 0.8666666666666667 0.033854166666666664 0.044444444444444446
0 0.8328125 0.7342592592592593 0.0453125 0.06759259259259259
0 0.6390625 0.35185185185185186 0.043229166666666666 0.07407407407407407
0 0.6552083333333333 0.9361111111111111 0.042708333333333334 0.0787037037037037
0 0.6911458333333333 0.4324074074074074 0.0390625 0.06388888888888888
0 0.7828125 0.4546296296296296 0.030208333333333334 0.06574074074074074
0 0.6302083333333334 0.5518518518518518 0.035416666666666666 0.05277777777777778
0 0.8859375 0.32407407407407407 0.024479166666666666 0.040740740740740744
0 0.6578125 0.5907407407407408 0.022916666666666665 0.040740740740740744
0 0.89375 0.5074074074074074 0.021354166666666667 0.03518518518518519
0 0.7604166666666666 0.8101851851851852 0.023958333333333335 0.03611111111111111
