0 0.3148148148148148 0.625 0.06944444444444445 0.0390625
0 0.4074074074074074 0.6020833333333333 0.062037037037037036 0.034375
0 0.43796296296296294 0.7192708333333333 0.06759259259259259 0.0375
0 0.13333333333333333 0.625 0.04537037037037037 0.034375
0 0.2657407407407407 0.8333333333333334 0.06851851851851852 0.04583333333333333
0 0.6481481481481481 0.6395833333333333 0.075 0.04375
0 0.06388888888888888 0.6552083333333333 0.07962962962962963 0.043229166666666666
0 0.5675925925925925 0.6916666666666667 0.06481481481481481 0.03958333333333333
0 0.5453703703703704 0.7828125 0.06666666666666667 0.030729166666666665
0 0.44814814814814813 0.6302083333333334 0.053703703703703705 0.0359375
0 0.6759259259259259 0.8864583333333333 0.041666666666666664 0.025
0 0.40925925925925927 0.6578125 0.041666666666666664 0.0234375
0 0.4925925925925926 0.8942708333333333 0.03611111111111111 0.021875
0 0.18981481481481483 0.7604166666666666 0.037037037037037035 0.024479166666666666
