0 0.6010416666666667 0.9120370370370371 0.053125 0.10092592592592593
0 0.346875 0.7222222222222222 0.09270833333333334 0.11944444444444445
0 0.47760416666666666 0.9231481481481482 0.0734375 0.14351851851851852
1 0.6291666666666667 0.38055555555555554 0.059375 0.11388888888888889
1 0.7572916666666667 0.041666666666666664 0.06510416666666667 0.06574074074074074
1 0.7302083333333333 0.4703703703703704 0.04479166666666667 0.08611111111111111
1 0.778125 0.7407407407407407 0.0859375 0.10555555555555556
1 0.6703125 0.7083333333333334 0.05520833333333333 0.06111111111111111
1 0.7979166666666667 0.22314814814814815 0.11197916666666667 0.14166666666666666
1 0.5197916666666667 0.4064814814814815 0.0421875 0.10925925925925926
1 0.5145833333333333 0.7638888888888888 0.0390625 0.15925925925925927
1 0.6921875 0.1685185185185185 0.049479166666666664 0.09166666666666666
1 0.7838541666666666 0.4287037037037037 0.050520833333333334 0.07777777777777778
1 0.3078125 0.3351851851851852 0.10416666666666667 0.05185185185185185
1 0.3411458333333333 0.20092592592592592 0.042708333333333334 0.16574074074074074
1 0.46041666666666664 0.18888888888888888 0.0390625 0.12685185185185185
