0 0.43359375 0.9039351851851852 0.11653645833333333 0.15046296296296297
1 0.7864583333333334 0.47685185185185186 0.07486979166666667 0.14351851851851852
1 0.947265625 0.05324074074074074 0.08203125 0.08333333333333333
1 0.9127604166666666 0.5891203703703703 0.056640625 0.1087962962962963
1 0.9596354166666666 0.9259259259259259 0.08072916666666667 0.13310185185185186
1 0.837890625 0.8854166666666666 0.06966145833333333 0.0775462962962963
1 0.9635416666666666 0.2800925925925926 0.072265625 0.17824074074074073
1 0.650390625 0.5081018518518519 0.053385416666666664 0.13773148148148148
1 0.6438802083333334 0.9270833333333334 0.049479166666666664 0.14467592592592593
1 0.8658854166666666 0.21180555555555555 0.0625 0.11574074074074074
1 0.9739583333333334 0.5358796296296297 0.051432291666666664 0.09837962962962964
1 0.384765625 0.41898148148148145 0.130859375 0.06597222222222222
1 0.4264322916666667 0.2523148148148148 0.054036458333333336 0.20833333333333334
1 0.576171875 0.23726851851851852 0.049479166666666664 0.1597222222222222
