0 0.08796296296296297 0.6010416666666667 0.10185185185185185 0.05364583333333333
0 0.2777777777777778 0.346875 0.12037037037037036 0.09322916666666667
0 0.07685185185185185 0.478125 0.14444444444444443 0.07395833333333333
1 0.6194444444444445 0.6291666666666667 0.11481481481481481 0.059895833333333336
1 0.9583333333333334 0.7578125 0.06666666666666667 0.065625
1 0.5296296296296297 0.7302083333333333 0.08703703703703704 0.0453125
1 0.25925925925925924 0.7786458333333334 0.10648148148148148 0.08645833333333333
1 0.2916666666666667 0.6703125 0.062037037037037036 0.05572916666666667
1 0.7768518518518519 0.7984375 0.1425925925925926 0.1125
1 0.5935185185185186 0.5203125 0.11018518518518519 0.042708333333333334
1 0.2361111111111111 0.5151041666666667 0.16018518518518518 0.03958333333333333
1 0.8314814814814815 0.6927083333333334 0.09259259259259259 0.05
1 0.5712962962962963 0.784375 0.0787037037037037 0.051041666666666666
1 0.6648148148148149 0.3078125 0.05277777777777778 0.1046875
1 0.799074074074074 0.3411458333333333 0.16666666666666666 0.043229166666666666
1 0.8111111111111111 0.4609375 0.12777777777777777 0.03958333333333333
