0 0.7734375 0.799074074074074 0.05572916666666667 0.09907407407407408
0 0.6848958333333334 0.8638888888888889 0.053125 0.08796296296296297
0 0.31302083333333336 0.6564814814814814 0.071875 0.1
0 0.8541666666666666 0.9601851851851851 0.04583333333333333 0.07685185185185185
0 0.3015625 0.8435185185185186 0.043229166666666666 0.0962962962962963
1 0.1546875 0.4305555555555556 0.053125 0.06296296296296296
0 0.8604166666666667 0.7898148148148149 0.041666666666666664 0.07685185185185185
0 0.25885416666666666 0.5212962962962963 0.0421875 0.08703703703703704
0 0.6864583333333333 0.6564814814814814 0.0640625 0.08888888888888889
1 0.7973958333333333 0.6796296296296296 0.046875 0.10555555555555556
0 0.91875 0.9574074074074074 0.0515625 0.08055555555555556
0 0.090625 0.6287037037037037 0.05520833333333333 0.1037037037037037
1 0.16354166666666667 0.22777777777777777 0.052083333333333336 0.10833333333333334
1 0.6875 0.29074074074074074 0.0390625 0.10925925925925926
1 0.2677083333333333 0.32407407407407407 0.06458333333333334 0.09074074074074075
1 0.8770833333333333 0.4203703703703704 0.0484375 0.08148148148148149
1 0.7302083333333333 0.07962962962962963 0.04583333333333333 0.09074074074074075
1 0.9796875 0.65 0.03958333333333333 0.058333333333333334
1 0.9697916666666667 0.18518518518518517 0.04583333333333333 0.06018518518518518
1 0.6682291666666667 0.38333333333333336 0.06875 0.05
0 0.06666666666666667 0.12037037037037036 0.046875 0.11296296296296296
1 0.7671875 0.2861111111111111 0.033854166666666664 0.08703703703703704
1 0.7994791666666666 0.44537037037037036 0.03333333333333333 0.08703703703703704
1 0.3260416666666667 0.041666666666666664 0.057291666666666664 0.053703703703703705
1 0.8296875 0.13333333333333333 0.05416666666666667 0.07222222222222222
1 0.9755208333333333 0.06018518518518518 0.021875 0.08055555555555556
1 0.9229166666666667 0.28055555555555556 0.05364583333333333 0.06851851851851852
1 0.9520833333333333 0.49074074074074076 0.036458333333333336 0.07592592592592592
1 0.9130208333333333 0.6435185185185185 0.0421875 0.03611111111111111
1 0.9854166666666667 0.4527777777777778 0.026041666666666668 0.05185185185185185
