0 0.20092592592592592 0.7739583333333333 0.1 0.05625
0 0.1361111111111111 0.6848958333333334 0.08888888888888889 0.05364583333333333
0 0.3435185185185185 0.31302083333333336 0.10092592592592593 0.07239583333333334
0 0.03981481481481482 0.8541666666666666 0.07777777777777778 0.04635416666666667
0 0.15648148148148147 0.3020833333333333 0.09722222222222222 0.04375
1 0.5694444444444444 0.1546875 0.06388888888888888 0.05364583333333333
0 0.2101851851851852 0.8604166666666667 0.07777777777777778 0.0421875
0 0.4787037037037037 0.259375 0.08796296296296297 0.042708333333333334
0 0.3435185185185185 0.6869791666666667 0.08981481481481482 0.06458333333333334
1 0.32037037037037036 0.7973958333333333 0.10648148148148148 0.04739583333333333
0 0.04259259259259259 0.9192708333333334 0.08148148148148149 0.052083333333333336
0 0.3712962962962963 0.090625 0.10462962962962963 0.05572916666666667
1 0.7722222222222223 0.16354166666666667 0.10925925925925926 0.05260416666666667
1 0.7092592592592593 0.6880208333333333 0.11018518518518519 0.03958333333333333
1 0.6759259259259259 0.2677083333333333 0.09166666666666666 0.06510416666666667
1 0.5796296296296296 0.8776041666666666 0.0824074074074074 0.04895833333333333
1 0.9203703703703704 0.7302083333333333 0.09166666666666666 0.04635416666666667
1 0.35 0.9796875 0.05925925925925926 0.04010416666666667
1 0.8148148148148148 0.9697916666666667 0.06111111111111111 0.04635416666666667
1 0.6166666666666667 0.6682291666666667 0.05092592592592592 0.06927083333333334
0 0.8796296296296297 0.06666666666666667 0.11388888888888889 0.04739583333333333
1 0.7138888888888889 0.7677083333333333 0.08796296296296297 0.034375
1 0.5546296296296296 0.7994791666666666 0.08796296296296297 0.033854166666666664
1 0.9583333333333334 0.3260416666666667 0.05462962962962963 0.0578125
1 0.8666666666666667 0.8296875 0.07314814814814814 0.0546875
1 0.9398148148148148 0.9755208333333333 0.08148148148148149 0.022395833333333334
1 0.7194444444444444 0.9234375 0.06944444444444445 0.05416666666666667
1 0.5092592592592593 0.9520833333333333 0.07685185185185185 0.03697916666666667
1 0.35648148148148145 0.9135416666666667 0.037037037037037035 0.042708333333333334
1 0.5472222222222223 0.9854166666666667 0.05277777777777778 0.0265625
