0 0.9661458333333334 0.96875 0.06770833333333333 0.0625
0 0.3912760416666667 0.8206018518518519 0.09049479166666667 0.1261574074074074
0 0.3776041666666667 0.9965277777777778 0.0546875 0.005787037037037037
1 0.193359375 0.5381944444444444 0.06705729166666667 0.0798611111111111
0 0.32421875 0.6516203703703703 0.053385416666666664 0.1099537037037037
0 0.8587239583333334 0.8206018518518519 0.08072916666666667 0.11226851851851852
1 0.9837239583333334 0.8495370370370371 0.032552083333333336 0.13310185185185186
0 0.11328125 0.7858796296296297 0.06966145833333333 0.13078703703703703
1 0.20442708333333334 0.28587962962962965 0.06575520833333333 0.13657407407407407
1 0.8600260416666666 0.36342592592592593 0.049479166666666664 0.13773148148148148
1 0.3346354166666667 0.4050925925925926 0.08138020833333333 0.11458333333333333
1 0.9127604166666666 0.09953703703703703 0.057942708333333336 0.11458333333333333
1 0.8352864583333334 0.4791666666666667 0.08658854166666667 0.06365740740740741
0 0.08333333333333333 0.15046296296296297 0.059244791666666664 0.1423611111111111
1 0.9596354166666666 0.3576388888888889 0.04296875 0.1099537037037037
1 0.9889322916666666 0.5567129629629629 0.021484375 0.1099537037037037
1 0.4075520833333333 0.052083333333333336 0.072265625 0.06828703703703703
