0 0.734375 0.05277777777777778 0.0453125 0.10648148148148148
1 0.2140625 0.6814814814814815 0.034895833333333334 0.10185185185185185
0 0.21510416666666668 0.12962962962962962 0.0609375 0.10648148148148148
0 0.315625 0.05185185185185185 0.058854166666666666 0.09166666666666666
0 0.7223958333333333 0.2611111111111111 0.075 0.13425925925925927
1 0.30364583333333334 0.6611111111111111 0.04479166666666667 0.10185185185185185
1 0.3333333333333333 0.5564814814814815 0.07395833333333333 0.06666666666666667
0 0.7770833333333333 0.41574074074074074 0.043229166666666666 0.08703703703703704
1 0.058333333333333334 0.2796296296296296 0.0453125 0.06111111111111111
0 0.3109375 0.28425925925925927 0.075 0.10925925925925926
0 0.12083333333333333 0.14166666666666666 0.04479166666666667 0.08055555555555556
1 0.18229166666666666 0.23981481481481481 0.0375 0.11851851851851852
0 0.9578125 0.2814814814814815 0.059375 0.0962962962962963
1 0.24947916666666667 0.9305555555555556 0.049479166666666664 0.07222222222222222
1 0.8901041666666667 0.6981481481481482 0.053125 0.13148148148148148
1 0.178125 0.5287037037037037 0.0296875 0.08425925925925926
1 0.028645833333333332 0.7046296296296296 0.043229166666666666 0.062037037037037036
1 0.8921875 0.4898148148148148 0.05520833333333333 0.06296296296296296
1 0.0890625 0.537962962962963 0.05364583333333333 0.08796296296296297
1 0.7114583333333333 0.9092592592592592 0.05572916666666667 0.053703703703703705
0 0.9828125 0.8398148148148148 0.03177083333333333 0.1111111111111111
0 0.98125 0.9685185185185186 0.036458333333333336 0.06018518518518518
1 0.1203125 0.8490740740740741 0.0296875 0.05925925925925926
1 0.7776041666666667 0.5796296296296296 0.06354166666666666 0.09722222222222222
1 0.0140625 0.44166666666666665 0.028125 0.06944444444444445
