0 0.9186197916666666 0.06712962962962964 0.057291666666666664 0.13425925925925927
1 0.2682291666666667 0.8518518518518519 0.044270833333333336 0.1284722222222222
0 0.26953125 0.16319444444444445 0.07682291666666667 0.13425925925925927
0 0.3951822916666667 0.06597222222222222 0.07421875 0.11574074074074074
0 0.9029947916666666 0.3275462962962963 0.09440104166666667 0.16898148148148148
1 0.3795572916666667 0.8263888888888888 0.056640625 0.1284722222222222
1 0.4166666666666667 0.6956018518518519 0.09309895833333333 0.08449074074074074
0 0.9720052083333334 0.5196759259259259 0.0546875 0.1099537037037037
1 0.07356770833333333 0.34953703703703703 0.057291666666666664 0.0775462962962963
0 0.388671875 0.35532407407407407 0.09440104166666667 0.13773148148148148
0 0.15104166666666666 0.17824074074074073 0.056640625 0.10185185185185185
1 0.22786458333333334 0.29976851851851855 0.047526041666666664 0.14930555555555555
1 0.22330729166666666 0.6620370370370371 0.037760416666666664 0.10648148148148148
1 0.036458333333333336 0.8819444444444444 0.0546875 0.0787037037037037
1 0.11197916666666667 0.6736111111111112 0.06770833333333333 0.1111111111111111
1 0.9661458333333334 0.7256944444444444 0.06770833333333333 0.12268518518518519
1 0.017578125 0.5532407407407407 0.035807291666666664 0.08796296296296297
