0 0.9462962962962963 0.7348958333333333 0.10648148148148148 0.04583333333333333
1 0.31851851851851853 0.21458333333333332 0.10277777777777777 0.035416666666666666
0 0.8703703703703703 0.215625 0.10740740740740741 0.06145833333333333
0 0.9481481481481482 0.31614583333333335 0.09259259259259259 0.059375
0 0.7388888888888889 0.7223958333333333 0.13518518518518519 0.07552083333333333
1 0.3388888888888889 0.30364583333333334 0.10277777777777777 0.0453125
1 0.44351851851851853 0.3333333333333333 0.06759259259259259 0.07447916666666667
0 0.5842592592592593 0.7776041666666667 0.08796296296296297 0.04375
1 0.7203703703703703 0.058854166666666666 0.062037037037037036 0.04583333333333333
0 0.7157407407407408 0.3109375 0.11018518518518519 0.07552083333333333
0 0.8583333333333333 0.12083333333333333 0.08148148148148149 0.0453125
1 0.7601851851851852 0.18229166666666666 0.11944444444444445 0.03802083333333333
0 0.7185185185185186 0.9578125 0.09722222222222222 0.059895833333333336
1 0.06944444444444445 0.25 0.07314814814814814 0.05
1 0.30185185185185187 0.8901041666666667 0.13240740740740742 0.05364583333333333
1 0.47129629629629627 0.17864583333333334 0.08518518518518518 0.030208333333333334
1 0.2953703703703704 0.029166666666666667 0.06296296296296296 0.04375
1 0.5101851851851852 0.8921875 0.06388888888888888 0.05572916666666667
1 0.462037037037037 0.08958333333333333 0.08888888888888889 0.05416666666666667
1 0.09074074074074075 0.7119791666666667 0.05462962962962963 0.05625
0 0.16018518518518518 0.9833333333333333 0.11203703703703703 0.03229166666666667
0 0.03148148148148148 0.98125 0.06111111111111111 0.03697916666666667
1 0.15092592592592594 0.12083333333333333 0.06018518518518518 0.030208333333333334
1 0.4203703703703704 0.7776041666666667 0.09814814814814815 0.0640625
1 0.5583333333333333 0.0140625 0.07037037037037037 0.028645833333333332
