0 0.9395833333333333 0.6305555555555555 0.06197916666666667 0.12407407407407407
0 0.8817708333333333 0.4111111111111111 0.06614583333333333 0.11851851851851852
0 0.7901041666666667 0.6231481481481481 0.06770833333333333 0.13796296296296295
1 0.3625 0.5370370370370371 0.05 0.09351851851851851
1 0.6380208333333334 0.34814814814814815 0.04791666666666667 0.05925925925925926
1 0.2682291666666667 0.22870370370370371 0.049479166666666664 0.0962962962962963
1 0.5291666666666667 0.6157407407407407 0.07916666666666666 0.07314814814814814
1 0.5161458333333333 0.07962962962962963 0.03958333333333333 0.08796296296296297
0 0.8880208333333334 0.22962962962962963 0.044270833333333336 0.09259259259259259
1 0.7979166666666667 0.13796296296296295 0.0359375 0.09537037037037037
1 0.0625 0.1648148148148148 0.07083333333333333 0.06388888888888888
1 0.2921875 0.6351851851851852 0.06822916666666666 0.06759259259259259
0 0.9859375 0.10185185185185185 0.027083333333333334 0.09444444444444444
1 0.8234375 0.3574074074074074 0.06822916666666666 0.05925925925925926
1 0.6208333333333333 0.6620370370370371 0.036458333333333336 0.11666666666666667
1 0.30885416666666665 0.044444444444444446 0.044270833333333336 0.08518518518518518
1 0.5390625 0.4398148148148148 0.04635416666666667 0.062037037037037036
1 0.41770833333333335 0.26851851851851855 0.0375 0.06296296296296296
1 0.16875 0.7157407407407408 0.0328125 0.13240740740740742
1 0.6260416666666667 0.18333333333333332 0.04479166666666667 0.08425925925925926
1 0.06510416666666667 0.4546296296296296 0.07083333333333333 0.07685185185185185
0 0.9895833333333334 0.2675925925925926 0.019791666666666666 0.12314814814814815
1 0.6802083333333333 0.028703703703703703 0.04635416666666667 0.05740740740740741
1 0.0296875 0.7101851851851851 0.059375 0.04537037037037037
1 0.11354166666666667 0.03611111111111111 0.041666666666666664 0.07222222222222222
