0 0.36944444444444446 0.9401041666666666 0.125 0.0625
0 0.5888888888888889 0.8822916666666667 0.11944444444444445 0.06666666666666667
0 0.3768518518518518 0.7901041666666667 0.1388888888888889 0.06822916666666666
1 0.46296296296296297 0.3625 0.09444444444444444 0.050520833333333334
1 0.6518518518518519 0.6380208333333334 0.06018518518518518 0.0484375
1 0.7712962962962963 0.26875 0.09722222222222222 0.05
1 0.38425925925925924 0.5291666666666667 0.07407407407407407 0.0796875
1 0.9203703703703704 0.5161458333333333 0.08888888888888889 0.04010416666666667
0 0.7703703703703704 0.8885416666666667 0.09351851851851851 0.04479166666666667
1 0.862037037037037 0.7984375 0.0962962962962963 0.036458333333333336
1 0.8351851851851851 0.0625 0.06481481481481481 0.07135416666666666
1 0.3648148148148148 0.29270833333333335 0.06851851851851852 0.06875
0 0.8981481481481481 0.9859375 0.09537037037037037 0.027604166666666666
1 0.6425925925925926 0.8239583333333333 0.06018518518518518 0.06875
1 0.33796296296296297 0.6208333333333333 0.1175925925925926 0.03697916666666667
1 0.9555555555555556 0.309375 0.08611111111111111 0.04479166666666667
1 0.5601851851851852 0.5395833333333333 0.06296296296296296 0.046875
1 0.7314814814814815 0.41770833333333335 0.06388888888888888 0.03802083333333333
1 0.28425925925925927 0.16927083333333334 0.13333333333333333 0.03333333333333333
1 0.8166666666666667 0.6260416666666667 0.08518518518518518 0.0453125
1 0.5453703703703704 0.06510416666666667 0.07777777777777778 0.07135416666666666
0 0.7324074074074074 0.9895833333333334 0.12407407407407407 0.0203125
1 0.9712962962962963 0.6807291666666667 0.05740740740740741 0.046875
1 0.2898148148148148 0.0296875 0.046296296296296294 0.059895833333333336
1 0.9638888888888889 0.11354166666666667 0.07222222222222222 0.0421875
