0 0.97265625 0.7800925925925926 0.0546875 0.1736111111111111
1 0.453125 0.6724537037037037 0.06315104166666667 0.11805555555555555
1 0.7975260416666666 0.4351851851851852 0.060546875 0.07523148148148148
1 0.3359375 0.28587962962962965 0.0625 0.12152777777777778
1 0.6614583333333334 0.7708333333333334 0.099609375 0.09259259259259259
1 0.6451822916666666 0.10069444444444445 0.050130208333333336 0.1111111111111111
1 0.9876302083333334 0.1736111111111111 0.024739583333333332 0.12037037037037036
1 0.078125 0.20717592592592593 0.08919270833333333 0.08101851851851852
1 0.3658854166666667 0.7951388888888888 0.0859375 0.08564814814814815
1 0.9934895833333334 0.44675925925925924 0.013020833333333334 0.07523148148148148
1 0.7760416666666666 0.8275462962962963 0.046223958333333336 0.14699074074074073
1 0.38671875 0.05555555555555555 0.055989583333333336 0.1076388888888889
1 0.6744791666666666 0.5509259259259259 0.05859375 0.0787037037037037
1 0.5221354166666666 0.33564814814814814 0.047526041666666664 0.0798611111111111
1 0.21158854166666666 0.8958333333333334 0.041666666666666664 0.16666666666666666
1 0.7825520833333334 0.23032407407407407 0.056640625 0.10648148148148148
1 0.08138020833333333 0.5694444444444444 0.08919270833333333 0.09722222222222222
1 0.8509114583333334 0.03587962962962963 0.05859375 0.07291666666666667
1 0.037109375 0.8888888888888888 0.07486979166666667 0.05787037037037037
1 0.14192708333333334 0.04513888888888889 0.052734375 0.09143518518518519
