0 0.013020833333333334 0.05648148148148148 0.0265625 0.11296296296296296
1 0.7536458333333333 0.9592592592592593 0.04739583333333333 0.07314814814814814
1 0.6911458333333333 0.5944444444444444 0.0390625 0.09351851851851851
0 0.8588541666666667 0.12407407407407407 0.053125 0.09444444444444444
1 0.6859375 0.7388888888888889 0.04635416666666667 0.03981481481481482
0 0.20520833333333333 0.2351851851851852 0.05572916666666667 0.09537037037037037
0 0.9505208333333334 0.12314814814814815 0.06302083333333333 0.11203703703703703
1 0.9458333333333333 0.662962962962963 0.0359375 0.08518518518518518
1 0.834375 0.49444444444444446 0.04375 0.07777777777777778
1 0.8229166666666666 0.23055555555555557 0.04375 0.06666666666666667
1 0.8739583333333333 0.8435185185185186 0.03229166666666667 0.06851851851851852
1 0.7552083333333334 0.6481481481481481 0.051041666666666666 0.044444444444444446
1 0.7328125 0.18888888888888888 0.071875 0.08611111111111111
0 0.057291666666666664 0.41388888888888886 0.041666666666666664 0.0824074074074074
1 0.29635416666666664 0.4648148148148148 0.0375 0.09166666666666666
1 0.14583333333333334 0.46944444444444444 0.058854166666666666 0.05740740740740741
1 0.715625 0.4398148148148148 0.046875 0.04814814814814815
1 0.89375 0.4703703703703704 0.022395833333333334 0.07777777777777778
0 0.23489583333333333 0.8703703703703703 0.046875 0.12314814814814815
1 0.6942708333333333 0.9055555555555556 0.018229166666666668 0.08888888888888889
0 0.9307291666666667 0.21481481481481482 0.03854166666666667 0.10740740740740741
1 0.7578125 0.4361111111111111 0.03177083333333333 0.06666666666666667
1 0.9838541666666667 0.9009259259259259 0.03125 0.09166666666666666
1 0.12135416666666667 0.7444444444444445 0.06354166666666666 0.09537037037037037
0 0.1796875 0.9712962962962963 0.05520833333333333 0.05092592592592592
0 0.011979166666666667 0.2657407407407407 0.024479166666666666 0.125
