0 0.9435185185185185 0.013541666666666667 0.11296296296296296 0.027083333333333334
1 0.040740740740740744 0.7541666666666667 0.07407407407407407 0.04791666666666667
1 0.40555555555555556 0.6916666666666667 0.09444444444444444 0.03958333333333333
0 0.8759259259259259 0.8588541666666667 0.09537037037037037 0.05364583333333333
1 0.2611111111111111 0.6864583333333333 0.040740740740740744 0.046875
0 0.7648148148148148 0.20572916666666666 0.0962962962962963 0.05625
0 0.8768518518518519 0.9510416666666667 0.11296296296296296 0.06354166666666666
1 0.337037037037037 0.9463541666666667 0.08611111111111111 0.036458333333333336
1 0.5055555555555555 0.834375 0.0787037037037037 0.044270833333333336
1 0.7694444444444445 0.8229166666666666 0.06759259259259259 0.044270833333333336
1 0.15648148148148147 0.8739583333333333 0.06944444444444445 0.0328125
1 0.35185185185185186 0.7552083333333334 0.04537037037037037 0.0515625
1 0.8111111111111111 0.7328125 0.08703703703703704 0.07239583333333334
0 0.5861111111111111 0.057291666666666664 0.08333333333333333 0.0421875
1 0.5351851851851852 0.29635416666666664 0.09259259259259259 0.03802083333333333
1 0.5305555555555556 0.14635416666666667 0.058333333333333334 0.059375
1 0.5601851851851852 0.715625 0.049074074074074076 0.04739583333333333
1 0.5296296296296297 0.8942708333333333 0.0787037037037037 0.022916666666666665
0 0.12962962962962962 0.23489583333333333 0.12407407407407407 0.04739583333333333
1 0.09444444444444444 0.6947916666666667 0.08981481481481482 0.01875
0 0.7851851851851852 0.9307291666666667 0.10833333333333334 0.0390625
1 0.5638888888888889 0.7583333333333333 0.06759259259259259 0.03229166666666667
1 0.09907407407407408 0.9838541666666667 0.09259259259259259 0.03177083333333333
1 0.25555555555555554 0.12135416666666667 0.0962962962962963 0.0640625
0 0.028703703703703703 0.1796875 0.05185185185185185 0.05572916666666667
0 0.7342592592592593 0.0125 0.1259259259259259 0.025
