0 0.016927083333333332 0.07060185185185185 0.033854166666666664 0.1423611111111111
1 0.8645833333333334 0.7442129629629629 0.049479166666666664 0.11805555555555555
1 0.8580729166666666 0.9247685185185185 0.05859375 0.05092592592592592
0 0.2571614583333333 0.2951388888888889 0.0703125 0.12037037037037036
1 0.9440104166666666 0.8101851851851852 0.064453125 0.056712962962962965
1 0.916015625 0.23726851851851852 0.09049479166666667 0.1087962962962963
0 0.07161458333333333 0.5185185185185185 0.052734375 0.10416666666666667
1 0.3704427083333333 0.5821759259259259 0.047526041666666664 0.11574074074074074
1 0.18294270833333334 0.5868055555555556 0.07421875 0.07291666666666667
1 0.89453125 0.5497685185185185 0.059244791666666664 0.061342592592592594
1 0.9479166666666666 0.5451388888888888 0.040364583333333336 0.08449074074074074
1 0.15169270833333334 0.9317129629629629 0.080078125 0.12037037037037036
0 0.015625 0.3333333333333333 0.03125 0.1574074074074074
