0 0.684375 0.049074074074074076 0.07135416666666666 0.09814814814814815
1 0.6541666666666667 0.7638888888888888 0.040625 0.08425925925925926
0 0.9270833333333334 0.11666666666666667 0.05572916666666667 0.1
0 0.9567708333333333 0.5212962962962963 0.07291666666666667 0.1175925925925926
0 0.3932291666666667 0.14444444444444443 0.06875 0.1037037037037037
0 0.03125 0.3962962962962963 0.06302083333333333 0.12777777777777777
1 0.7776041666666667 0.6842592592592592 0.04635416666666667 0.07037037037037037
0 0.7890625 0.36944444444444446 0.04375 0.08703703703703704
1 0.7145833333333333 0.8361111111111111 0.04479166666666667 0.03888888888888889
0 0.084375 0.5398148148148149 0.04114583333333333 0.09259259259259259
1 0.6541666666666667 0.9 0.042708333333333334 0.03518518518518519
0 0.23020833333333332 0.3675925925925926 0.059895833333333336 0.08981481481481482
1 0.16875 0.5611111111111111 0.057291666666666664 0.06481481481481481
1 0.7614583333333333 0.45 0.033854166666666664 0.05740740740740741
0 0.04114583333333333 0.22777777777777777 0.07552083333333333 0.11481481481481481
1 0.6833333333333333 0.3990740740740741 0.05677083333333333 0.07777777777777778
0 0.7828125 0.225 0.0578125 0.10833333333333334
0 0.9609375 0.29814814814814816 0.06041666666666667 0.08611111111111111
1 0.8328125 0.6648148148148149 0.022916666666666665 0.08518518518518518
1 0.6708333333333333 0.6305555555555555 0.03854166666666667 0.04351851851851852
1 0.9708333333333333 0.7064814814814815 0.0546875 0.062037037037037036
1 0.8796875 0.8305555555555556 0.03229166666666667 0.07962962962962963
1 0.3046875 0.5648148148148148 0.027604166666666666 0.09259259259259259
1 0.953125 0.8361111111111111 0.024479166666666666 0.11481481481481481
1 0.033854166666666664 0.725925925925926 0.03229166666666667 0.08518518518518518
0 0.8635416666666667 0.37222222222222223 0.04791666666666667 0.09351851851851851
0 0.7338541666666667 0.21944444444444444 0.08072916666666667 0.12129629629629629
1 0.12447916666666667 0.8009259259259259 0.057291666666666664 0.1425925925925926
1 0.8145833333333333 0.9824074074074074 0.019791666666666666 0.03333333333333333
1 0.8546875 0.4398148148148148 0.043229166666666666 0.08611111111111111
