0 0.8561197916666666 0.061342592592592594 0.08984375 0.12384259259259259
1 0.8177083333333334 0.9513888888888888 0.051432291666666664 0.09722222222222222
0 0.4915364583333333 0.18055555555555555 0.08658854166666667 0.13078703703703703
0 0.039713541666666664 0.49537037037037035 0.07942708333333333 0.16087962962962962
1 0.9713541666666666 0.8553240740740741 0.056640625 0.08912037037037036
0 0.9791666666666666 0.4618055555555556 0.041015625 0.1099537037037037
0 0.10611979166666667 0.6747685185185185 0.052083333333333336 0.11689814814814815
0 0.2884114583333333 0.46064814814814814 0.07552083333333333 0.11342592592592593
1 0.2109375 0.7013888888888888 0.072265625 0.08217592592592593
1 0.9524739583333334 0.5625 0.04296875 0.07291666666666667
0 0.052083333333333336 0.2847222222222222 0.09505208333333333 0.14467592592592593
1 0.8548177083333334 0.4988425925925926 0.07161458333333333 0.09837962962962964
0 0.9713541666666666 0.2824074074074074 0.057291666666666664 0.13657407407407407
1 0.8385416666666666 0.7893518518518519 0.048828125 0.05555555555555555
1 0.3815104166666667 0.7060185185185185 0.03515625 0.11689814814814815
1 0.042317708333333336 0.9074074074074074 0.041015625 0.1076388888888889
0 0.91796875 0.27546296296296297 0.1015625 0.1527777777777778
1 0.15559895833333334 0.9560185185185185 0.072265625 0.08796296296296297
