0 0.950925925925926 0.6848958333333334 0.09814814814814815 0.071875
1 0.2361111111111111 0.6541666666666667 0.08518518518518518 0.04114583333333333
0 0.8833333333333333 0.9276041666666667 0.10092592592592593 0.05625
0 0.4787037037037037 0.9567708333333333 0.11851851851851852 0.0734375
0 0.8555555555555555 0.3932291666666667 0.10462962962962963 0.06927083333333334
0 0.6037037037037037 0.03177083333333333 0.1287037037037037 0.06354166666666666
1 0.31574074074074077 0.778125 0.0712962962962963 0.046875
0 0.6305555555555555 0.7890625 0.08796296296296297 0.044270833333333336
1 0.1638888888888889 0.7145833333333333 0.03981481481481482 0.0453125
0 0.4601851851851852 0.08489583333333334 0.09351851851851851 0.041666666666666664
1 0.1 0.6541666666666667 0.03611111111111111 0.043229166666666666
0 0.6324074074074074 0.23072916666666668 0.09074074074074075 0.06041666666666667
1 0.4388888888888889 0.16875 0.06574074074074074 0.0578125
1 0.55 0.7619791666666667 0.058333333333333334 0.034375
0 0.7722222222222223 0.041666666666666664 0.11574074074074074 0.07604166666666666
1 0.600925925925926 0.6838541666666667 0.0787037037037037 0.057291666666666664
0 0.775 0.7833333333333333 0.10925925925925926 0.058333333333333334
0 0.7018518518518518 0.9609375 0.08703703703703704 0.0609375
1 0.3351851851851852 0.8328125 0.08611111111111111 0.0234375
1 0.36944444444444446 0.6708333333333333 0.044444444444444446 0.0390625
1 0.2935185185185185 0.9713541666666666 0.06296296296296296 0.05520833333333333
1 0.16944444444444445 0.8796875 0.08055555555555556 0.0328125
1 0.4351851851851852 0.30520833333333336 0.09351851851851851 0.028125
1 0.1638888888888889 0.9536458333333333 0.11574074074074074 0.025
1 0.2740740740740741 0.033854166666666664 0.08611111111111111 0.0328125
0 0.6277777777777778 0.8635416666666667 0.09444444444444444 0.0484375
0 0.7805555555555556 0.734375 0.12222222222222222 0.08125
1 0.19907407407407407 0.12447916666666667 0.14351851851851852 0.0578125
1 0.017592592592592594 0.8145833333333333 0.03425925925925926 0.0203125
1 0.5601851851851852 0.8552083333333333 0.08703703703703704 0.04375
