1 0.7744791666666667 0.3212962962962963 0.052083333333333336 0.12037037037037036
0 0.8911458333333333 0.7824074074074074 0.0921875 0.16203703703703703
1 0.475 0.14722222222222223 0.059895833333333336 0.1361111111111111
1 0.5005208333333333 0.046296296296296294 0.07708333333333334 0.07685185185185185
1 0.68125 0.5518518518518518 0.06510416666666667 0.08333333333333333
1 0.9598958333333333 0.5 0.07916666666666666 0.09351851851851851
1 0.42552083333333335 0.7416666666666667 0.0578125 0.1259259259259259
1 0.5401041666666667 0.39537037037037037 0.058854166666666666 0.05462962962962963
1 0.24583333333333332 0.08703703703703704 0.04739583333333333 0.17407407407407408
1 0.415625 0.34814814814814815 0.04791666666666667 0.17407407407407408
1 0.1859375 0.5259259259259259 0.10677083333333333 0.1259259259259259
1 0.6192708333333333 0.044444444444444446 0.051041666666666666 0.08981481481481482
1 0.7744791666666667 0.7648148148148148 0.07864583333333333 0.20833333333333334
1 0.20208333333333334 0.22962962962962963 0.11197916666666667 0.08611111111111111
1 0.146875 0.7814814814814814 0.10885416666666667 0.07592592592592592
1 0.9588541666666667 0.275 0.04739583333333333 0.09259259259259259
1 0.809375 0.058333333333333334 0.065625 0.11666666666666667
1 0.3807291666666667 0.10092592592592593 0.09270833333333334 0.06759259259259259
1 0.671875 0.7092592592592593 0.10729166666666666 0.08888888888888889
0 0.9791666666666666 0.3990740740740741 0.0390625 0.0824074074074074
1 0.9682291666666667 0.08518518518518518 0.0625 0.15092592592592594
1 0.7171875 0.037037037037037035 0.0671875 0.07222222222222222
