1 0.9674479166666666 0.40162037037037035 0.064453125 0.15162037037037038
1 0.5944010416666666 0.18518518518518517 0.07552083333333333 0.1712962962962963
1 0.6256510416666666 0.059027777777777776 0.09700520833333333 0.09722222222222222
1 0.8522135416666666 0.6898148148148148 0.08203125 0.10532407407407407
1 0.5325520833333334 0.9236111111111112 0.07291666666666667 0.15162037037037038
1 0.67578125 0.49537037037037035 0.07421875 0.06944444444444445
1 0.3079427083333333 0.1087962962962963 0.059895833333333336 0.21875
1 0.51953125 0.4351851851851852 0.060546875 0.21875
1 0.23307291666666666 0.6574074074074074 0.13411458333333334 0.15856481481481483
1 0.7740885416666666 0.056712962962962965 0.064453125 0.11342592592592593
1 0.9596354166666666 0.9131944444444444 0.08072916666666667 0.1736111111111111
1 0.2532552083333333 0.2881944444444444 0.140625 0.1087962962962963
1 0.18424479166666666 0.9641203703703703 0.13671875 0.07060185185185185
1 0.9850260416666666 0.07291666666666667 0.029296875 0.14699074074074073
1 0.4759114583333333 0.12731481481481483 0.11653645833333333 0.08564814814814815
1 0.83984375 0.8865740740740741 0.134765625 0.11226851851851852
1 0.8971354166666666 0.046296296296296294 0.08463541666666667 0.09143518518518519
