1 0.6787037037037037 0.7744791666666667 0.12129629629629629 0.05260416666666667
0 0.2175925925925926 0.8916666666666667 0.16296296296296298 0.09270833333333334
1 0.8527777777777777 0.47552083333333334 0.13703703703703704 0.06041666666666667
1 0.9537037037037037 0.5005208333333333 0.07777777777777778 0.07760416666666667
1 0.44814814814814813 0.6817708333333333 0.08425925925925926 0.065625
1 0.5 0.9598958333333333 0.09444444444444444 0.0796875
1 0.25833333333333336 0.42604166666666665 0.12685185185185185 0.058333333333333334
1 0.6046296296296296 0.540625 0.05555555555555555 0.059375
1 0.912962962962963 0.24635416666666668 0.17407407407407408 0.04791666666666667
1 0.6518518518518519 0.415625 0.175 0.0484375
1 0.4740740740740741 0.18645833333333334 0.12685185185185185 0.10729166666666666
1 0.9546296296296296 0.6192708333333333 0.08981481481481482 0.0515625
1 0.2351851851851852 0.775 0.20925925925925926 0.07916666666666666
1 0.7703703703703704 0.20260416666666667 0.08703703703703704 0.1125
1 0.21851851851851853 0.14739583333333334 0.07685185185185185 0.109375
1 0.725 0.959375 0.09351851851851851 0.04791666666666667
1 0.9416666666666667 0.809375 0.11666666666666667 0.06614583333333333
1 0.899074074074074 0.3807291666666667 0.06851851851851852 0.09322916666666667
1 0.29074074074074074 0.671875 0.08981481481481482 0.1078125
0 0.600925925925926 0.9796875 0.08333333333333333 0.03958333333333333
1 0.9148148148148149 0.9682291666666667 0.15185185185185185 0.06302083333333333
1 0.9629629629629629 0.7177083333333333 0.07314814814814814 0.06770833333333333
