0 0.052083333333333336 0.3388888888888889 0.041666666666666664 0.06759259259259259
0 0.017708333333333333 0.7101851851851851 0.035416666666666666 0.06944444444444445
0 0.6078125 0.23148148148148148 0.019791666666666666 0.05462962962962963
0 0.16927083333333334 0.5027777777777778 0.04479166666666667 0.06296296296296296
0 0.6697916666666667 0.1037037037037037 0.03229166666666667 0.07222222222222222
0 0.5057291666666667 0.5907407407407408 0.018229166666666668 0.04259259259259259
0 0.2390625 0.26944444444444443 0.0265625 0.040740740740740744
0 0.1203125 0.22870370370370371 0.034375 0.05925925925925926
0 0.13125 0.5935185185185186 0.04895833333333333 0.05092592592592592
0 0.33541666666666664 0.44351851851851853 0.017708333333333333 0.030555555555555555
0 0.23177083333333334 0.08518518518518518 0.0359375 0.04351851851851852
