0 0.6611111111111111 0.052083333333333336 0.06851851851851852 0.0421875
0 0.2898148148148148 0.017708333333333333 0.07037037037037037 0.0359375
0 0.7685185185185185 0.6078125 0.05555555555555555 0.0203125
0 0.49722222222222223 0.16927083333333334 0.06388888888888888 0.0453125
0 0.8962962962962963 0.6697916666666667 0.07314814814814814 0.0328125
0 0.40925925925925927 0.50625 0.04351851851851852 0.01875
0 0.7305555555555555 0.23958333333333334 0.041666666666666664 0.027083333333333334
0 0.7712962962962963 0.1203125 0.06018518518518518 0.034895833333333334
0 0.4064814814814815 0.13125 0.05185185185185185 0.049479166666666664
0 0.5564814814814815 0.33541666666666664 0.03148148148148148 0.018229166666666668
0 0.9148148148148149 0.23229166666666667 0.044444444444444446 0.036458333333333336
