0 0.06510416666666667 0.42476851851851855 0.052734375 0.08564814814814815
0 0.022135416666666668 0.8888888888888888 0.044921875 0.08796296296296297
0 0.759765625 0.29050925925925924 0.025390625 0.06944444444444445
0 0.21158854166666666 0.6284722222222222 0.056640625 0.0798611111111111
0 0.8372395833333334 0.12962962962962962 0.041015625 0.09143518518518519
0 0.6328125 0.7384259259259259 0.0234375 0.05439814814814815
0 0.2994791666666667 0.3368055555555556 0.033854166666666664 0.052083333333333336
0 0.150390625 0.28587962962962965 0.043619791666666664 0.07523148148148148
0 0.1640625 0.7430555555555556 0.061848958333333336 0.06481481481481481
0 0.4192708333333333 0.5555555555555556 0.022786458333333332 0.03935185185185185
0 0.2903645833333333 0.1076388888888889 0.045572916666666664 0.05555555555555555
