1 0.9351851851851852 0.059895833333333336 0.08333333333333333 0.08177083333333333
1 0.6537037037037037 0.5458333333333333 0.08888888888888889 0.04479166666666667
1 0.5435185185185185 0.7734375 0.13518518518518519 0.042708333333333334
1 0.8814814814814815 0.5385416666666667 0.1 0.06041666666666667
1 0.5287037037037037 0.15677083333333333 0.11388888888888889 0.15416666666666667
1 0.8009259259259259 0.2390625 0.11481481481481481 0.075
1 0.8861111111111111 0.6520833333333333 0.0962962962962963 0.04583333333333333
1 0.47314814814814815 0.6109375 0.14351851851851852 0.034375
1 0.5018518518518519 0.34270833333333334 0.13148148148148148 0.042708333333333334
1 0.46944444444444444 0.478125 0.14629629629629629 0.0453125
1 0.6620370370370371 0.365625 0.08148148148148149 0.1234375
1 0.9388888888888889 0.3614583333333333 0.12222222222222222 0.04635416666666667
1 0.44351851851851853 0.9 0.10185185185185185 0.06614583333333333
1 0.7296296296296296 0.8036458333333333 0.09907407407407408 0.04010416666666667
1 0.7601851851851852 0.9776041666666667 0.12222222222222222 0.0390625
1 0.8851851851851852 0.8322916666666667 0.07685185185185185 0.07708333333333334
