1 0.07486979166666667 0.08217592592592593 0.10221354166666667 0.10416666666666667
1 0.6822916666666666 0.4340277777777778 0.055989583333333336 0.1111111111111111
1 0.966796875 0.5717592592592593 0.053385416666666664 0.16898148148148148
1 0.6731770833333334 0.14930555555555555 0.07552083333333333 0.125
1 0.19596354166666666 0.5891203703703703 0.19270833333333334 0.1423611111111111
1 0.298828125 0.25 0.09375 0.14351851851851852
1 0.8151041666666666 0.14351851851851852 0.057291666666666664 0.12037037037037036
1 0.763671875 0.6585648148148148 0.04296875 0.17939814814814814
1 0.4283854166666667 0.6238425925925926 0.053385416666666664 0.16435185185185186
1 0.59765625 0.6643518518518519 0.056640625 0.18287037037037038
1 0.45703125 0.4236111111111111 0.154296875 0.10185185185185185
1 0.4518229166666667 0.0763888888888889 0.057942708333333336 0.15393518518518517
1 0.9895833333333334 0.33796296296296297 0.020182291666666668 0.12384259259259259
1 0.99609375 0.14351851851851852 0.0078125 0.09606481481481481
