1 0.059895833333333336 0.06481481481481481 0.08125 0.0824074074074074
1 0.5453125 0.34629629629629627 0.044270833333333336 0.08796296296296297
1 0.7729166666666667 0.4564814814814815 0.0421875 0.13425925925925927
1 0.5380208333333333 0.11851851851851852 0.059895833333333336 0.09907407407407408
1 0.15625 0.47129629629629627 0.15364583333333334 0.11296296296296296
1 0.23854166666666668 0.19907407407407407 0.07447916666666667 0.11388888888888889
1 0.6515625 0.11388888888888889 0.0453125 0.09537037037037037
1 0.6104166666666667 0.5268518518518519 0.033854166666666664 0.1425925925925926
1 0.3421875 0.4981481481481482 0.0421875 0.13055555555555556
1 0.478125 0.5305555555555556 0.04479166666666667 0.14537037037037037
1 0.365625 0.33796296296296297 0.12291666666666666 0.08055555555555556
1 0.3614583333333333 0.06111111111111111 0.04583333333333333 0.12222222222222222
1 0.9 0.5564814814814815 0.065625 0.10092592592592593
1 0.8036458333333333 0.27037037037037037 0.03958333333333333 0.09814814814814815
1 0.9776041666666667 0.23981481481481481 0.03854166666666667 0.12129629629629629
1 0.8317708333333333 0.11481481481481481 0.0765625 0.07592592592592592
