1 0.45729166666666665 0.2518518518518518 0.044270833333333336 0.06296296296296296
1 0.30572916666666666 0.6314814814814815 0.0578125 0.10277777777777777
1 0.26510416666666664 0.18333333333333332 0.04739583333333333 0.04537037037037037
1 0.5463541666666667 0.3148148148148148 0.03125 0.09814814814814815
1 0.1765625 0.25462962962962965 0.03958333333333333 0.10925925925925926
1 0.209375 0.6861111111111111 0.05260416666666667 0.08518518518518518
1 0.23125 0.5148148148148148 0.040625 0.1175925925925926
1 0.32916666666666666 0.39537037037037037 0.0375 0.09814814814814815
1 0.28854166666666664 0.33425925925925926 0.065625 0.05925925925925926
1 0.8151041666666666 0.7472222222222222 0.084375 0.06851851851851852
1 0.39427083333333335 0.6537037037037037 0.050520833333333334 0.05185185185185185
1 0.7817708333333333 0.774074074074074 0.053125 0.08333333333333333
1 0.9578125 0.3592592592592593 0.04010416666666667 0.1
1 0.4083333333333333 0.4527777777777778 0.03177083333333333 0.08148148148148149
1 0.8171875 0.3175925925925926 0.033854166666666664 0.09166666666666666
1 0.4166666666666667 0.7666666666666667 0.03854166666666667 0.06851851851851852
1 0.4765625 0.612037037037037 0.0578125 0.07407407407407407
1 0.684375 0.7037037037037037 0.05677083333333333 0.05462962962962963
1 0.6984375 0.41574074074074074 0.05260416666666667 0.06296296296296296
1 0.378125 0.24259259259259258 0.05572916666666667 0.04351851851851852
1 0.09791666666666667 0.6620370370370371 0.0734375 0.03796296296296296
1 0.8739583333333333 0.4962962962962963 0.05416666666666667 0.10277777777777777
1 0.6171875 0.5518518518518518 0.04739583333333333 0.05648148148148148
1 0.7911458333333333 0.42962962962962964 0.029166666666666667 0.041666666666666664
1 0.6541666666666667 0.2916666666666667 0.0234375 0.09907407407407408
1 0.7015625 0.5342592592592592 0.041666666666666664 0.0712962962962963
1 0.16614583333333333 0.4675925925925926 0.04791666666666667 0.1175925925925926
1 0.9760416666666667 0.525 0.04635416666666667 0.04351851851851852
1 0.5380208333333333 0.44907407407407407 0.029166666666666667 0.07962962962962963
1 0.8494791666666667 0.6083333333333333 0.04739583333333333 0.09722222222222222
1 0.5682291666666667 0.7324074074074074 0.035416666666666666 0.05648148148148148
