1 0.7481481481481481 0.4578125 0.06388888888888888 0.04479166666666667
1 0.3685185185185185 0.30625 0.1037037037037037 0.058333333333333334
1 0.8166666666666667 0.265625 0.046296296296296294 0.04791666666666667
1 0.6851851851851852 0.5463541666666667 0.09907407407407408 0.03177083333333333
1 0.7453703703703703 0.1765625 0.11018518518518519 0.04010416666666667
1 0.3138888888888889 0.20989583333333334 0.08611111111111111 0.053125
1 0.48518518518518516 0.23125 0.11851851851851852 0.04114583333333333
1 0.6046296296296296 0.32916666666666666 0.09907407407407408 0.03802083333333333
1 0.6657407407407407 0.28854166666666664 0.06018518518518518 0.06614583333333333
1 0.25277777777777777 0.8151041666666666 0.06944444444444445 0.08489583333333334
1 0.34629629629629627 0.39479166666666665 0.05277777777777778 0.051041666666666666
1 0.22592592592592592 0.7817708333333333 0.08425925925925926 0.05364583333333333
1 0.6407407407407407 0.9583333333333334 0.10092592592592593 0.040625
1 0.5472222222222223 0.4088541666666667 0.0824074074074074 0.03229166666666667
1 0.6824074074074075 0.8177083333333334 0.09259259259259259 0.034375
1 0.23333333333333334 0.4166666666666667 0.06944444444444445 0.0390625
1 0.38796296296296295 0.47708333333333336 0.075 0.058333333333333334
1 0.2962962962962963 0.6848958333333334 0.05555555555555555 0.057291666666666664
1 0.5842592592592593 0.6989583333333333 0.06388888888888888 0.053125
1 0.7574074074074074 0.37864583333333335 0.044444444444444446 0.05625
1 0.33796296296296297 0.0984375 0.03888888888888889 0.07395833333333333
1 0.5037037037037037 0.8739583333333333 0.1037037037037037 0.0546875
1 0.44814814814814813 0.6177083333333333 0.05740740740740741 0.04791666666666667
1 0.5703703703703704 0.7911458333333333 0.04259259259259259 0.0296875
1 0.7083333333333334 0.6546875 0.1 0.023958333333333335
1 0.46574074074074073 0.7015625 0.07222222222222222 0.0421875
1 0.5324074074074074 0.16614583333333333 0.11851851851851852 0.0484375
1 0.475 0.9765625 0.044444444444444446 0.046875
1 0.5509259259259259 0.5380208333333333 0.08055555555555556 0.0296875
1 0.39166666666666666 0.85 0.09814814814814815 0.04791666666666667
1 0.2675925925925926 0.5682291666666667 0.05740740740740741 0.0359375
