1 0.572265625 0.3148148148148148 0.055989583333333336 0.0798611111111111
1 0.3828125 0.7905092592592593 0.07291666666666667 0.12962962962962962
1 0.33203125 0.23032407407407407 0.059895833333333336 0.05787037037037037
1 0.6829427083333334 0.39351851851851855 0.039713541666666664 0.12384259259259259
1 0.220703125 0.31828703703703703 0.050130208333333336 0.13773148148148148
1 0.2623697916666667 0.8576388888888888 0.06640625 0.1076388888888889
1 0.2890625 0.6446759259259259 0.051432291666666664 0.14814814814814814
1 0.4114583333333333 0.49421296296296297 0.047526041666666664 0.12384259259259259
1 0.3606770833333333 0.41782407407407407 0.08268229166666667 0.07523148148148148
1 0.9830729166666666 0.9340277777777778 0.033854166666666664 0.08680555555555555
1 0.4934895833333333 0.8171296296296297 0.06380208333333333 0.06597222222222222
1 0.9720052083333334 0.9571759259259259 0.055989583333333336 0.08449074074074074
1 0.5110677083333334 0.5659722222222222 0.040364583333333336 0.10300925925925926
1 0.5208333333333334 0.9571759259259259 0.048828125 0.08449074074074074
1 0.5963541666666666 0.7650462962962963 0.07291666666666667 0.09375
1 0.8561197916666666 0.8807870370370371 0.07161458333333333 0.06944444444444445
1 0.8736979166666666 0.5196759259259259 0.06640625 0.0798611111111111
1 0.4733072916666667 0.30439814814814814 0.0703125 0.05555555555555555
1 0.123046875 0.8287037037037037 0.09244791666666667 0.04861111111111111
1 0.7721354166666666 0.6909722222222222 0.059895833333333336 0.07175925925925926
1 0.9850260416666666 0.5381944444444444 0.029296875 0.05324074074074074
1 0.818359375 0.36574074074074076 0.029947916666666668 0.125
1 0.876953125 0.6689814814814815 0.052734375 0.09027777777777778
1 0.20768229166666666 0.5856481481481481 0.060546875 0.14814814814814814
1 0.6725260416666666 0.5613425925925926 0.037109375 0.10069444444444445
1 0.7102864583333334 0.9166666666666666 0.044921875 0.07175925925925926
