0 0.9203703703703704 0.38177083333333334 0.11666666666666667 0.05416666666666667
1 0.08611111111111111 0.8484375 0.13333333333333333 0.04479166666666667
1 0.4462962962962963 0.16041666666666668 0.08425925925925926 0.05364583333333333
1 0.7555555555555555 0.03125 0.10740740740740741 0.0625
1 0.1712962962962963 0.8875 0.06388888888888888 0.06770833333333333
1 0.4388888888888889 0.7817708333333333 0.10092592592592593 0.06197916666666667
1 0.6314814814814815 0.8151041666666666 0.08055555555555556 0.08020833333333334
1 0.27037037037037037 0.7869791666666667 0.13518518518518519 0.035416666666666666
1 0.9462962962962963 0.8671875 0.10648148148148148 0.049479166666666664
1 0.7148148148148148 0.24427083333333333 0.13518518518518519 0.03802083333333333
1 0.9490740740740741 0.9473958333333333 0.10092592592592593 0.057291666666666664
1 0.27314814814814814 0.3265625 0.15925925925925927 0.03958333333333333
1 0.7175925925925926 0.13645833333333332 0.09537037037037037 0.04010416666666667
1 0.43425925925925923 0.3572916666666667 0.08333333333333333 0.0953125
1 0.8555555555555555 0.7885416666666667 0.07685185185185185 0.0703125
1 0.049074074074074076 0.7515625 0.0962962962962963 0.025520833333333333
1 0.34074074074074073 0.9171875 0.06111111111111111 0.058333333333333334
1 0.04722222222222222 0.017708333333333333 0.09351851851851851 0.035416666666666666
1 0.5351851851851852 0.9557291666666666 0.16296296296296298 0.0265625
1 0.08981481481481482 0.178125 0.09722222222222222 0.021875
1 0.8009259259259259 0.965625 0.07777777777777778 0.04739583333333333
1 0.6037037037037037 0.9119791666666667 0.06944444444444445 0.057291666666666664
1 0.3712962962962963 0.017708333333333333 0.08888888888888889 0.035416666666666666
1 0.5009259259259259 0.025520833333333333 0.07037037037037037 0.051041666666666666
