0 0.38125 0.07962962962962963 0.05364583333333333 0.11574074074074074
1 0.8479166666666667 0.9138888888888889 0.044270833333333336 0.13240740740740742
1 0.16041666666666668 0.5537037037037037 0.053125 0.08333333333333333
1 0.030729166666666665 0.24444444444444444 0.06197916666666667 0.10648148148148148
1 0.8869791666666667 0.8287037037037037 0.0671875 0.06296296296296296
1 0.7817708333333333 0.5611111111111111 0.06145833333333333 0.1
1 0.8145833333333333 0.3685185185185185 0.0796875 0.07962962962962963
1 0.7864583333333334 0.7296296296296296 0.034895833333333334 0.13425925925925927
1 0.8671875 0.05277777777777778 0.04895833333333333 0.10648148148148148
1 0.24427083333333333 0.2851851851851852 0.0375 0.13425925925925927
1 0.946875 0.05 0.05677083333333333 0.10092592592592593
1 0.3260416666666667 0.7268518518518519 0.0390625 0.15833333333333333
1 0.13645833333333332 0.2824074074074074 0.03958333333333333 0.09444444444444444
1 0.3572916666666667 0.5657407407407408 0.09479166666666666 0.0824074074074074
1 0.7885416666666667 0.14444444444444443 0.06979166666666667 0.07592592592592592
1 0.7515625 0.950925925925926 0.025 0.09537037037037037
1 0.9166666666666666 0.6592592592592592 0.0578125 0.06018518518518518
1 0.0171875 0.9527777777777777 0.034895833333333334 0.09259259259259259
1 0.9557291666666666 0.4648148148148148 0.026041666666666668 0.16203703703703703
1 0.17760416666666667 0.9101851851851852 0.021354166666666667 0.0962962962962963
1 0.965625 0.19907407407407407 0.046875 0.07685185185185185
1 0.9114583333333334 0.3962962962962963 0.05677083333333333 0.06851851851851852
1 0.0171875 0.6287037037037037 0.034895833333333334 0.08796296296296297
1 0.025 0.49907407407407406 0.050520833333333334 0.06944444444444445
