0 0.4772135416666667 0.10069444444444445 0.06770833333333333 0.14583333333333334
1 0.20052083333333334 0.6921296296296297 0.06705729166666667 0.10532407407407407
1 0.0390625 0.30671296296296297 0.078125 0.13425925925925927
1 0.9694010416666666 0.7013888888888888 0.061197916666666664 0.1261574074074074
1 0.984375 0.46064814814814814 0.03125 0.10069444444444445
1 0.98046875 0.9131944444444444 0.038411458333333336 0.16898148148148148
1 0.3053385416666667 0.3576388888888889 0.047526041666666664 0.16898148148148148
1 0.408203125 0.9050925925925926 0.049479166666666664 0.18981481481481483
1 0.17057291666666666 0.35300925925925924 0.050130208333333336 0.11921296296296297
1 0.4466145833333333 0.7083333333333334 0.119140625 0.10416666666666667
1 0.970703125 0.18055555555555555 0.057942708333333336 0.09606481481481481
1 0.022135416666666668 0.7870370370370371 0.044270833333333336 0.1111111111111111
1 0.031901041666666664 0.625 0.06380208333333333 0.08796296296296297
