0 0.87890625 0.5856481481481481 0.07877604166666667 0.1400462962962963
0 0.828125 0.17824074074074073 0.07552083333333333 0.16203703703703703
0 0.8040364583333334 0.4386574074074074 0.11653645833333333 0.1724537037037037
1 0.072265625 0.05787037037037037 0.061197916666666664 0.11689814814814815
1 0.3776041666666667 0.7824074074074074 0.054036458333333336 0.09953703703703703
1 0.8580729166666666 0.8958333333333334 0.046223958333333336 0.15625
1 0.34375 0.3680555555555556 0.057942708333333336 0.10300925925925926
0 0.962890625 0.04976851851851852 0.07356770833333333 0.10069444444444445
1 0.99609375 0.6805555555555556 0.0078125 0.08101851851851852
1 0.10611979166666667 0.8344907407407407 0.07682291666666667 0.08680555555555555
1 0.271484375 0.8622685185185185 0.044270833333333336 0.14814814814814814
1 0.09700520833333333 0.4837962962962963 0.0625 0.08912037037037036
1 0.177734375 0.5451388888888888 0.048177083333333336 0.15625
1 0.3196614583333333 0.0775462962962963 0.059895833333333336 0.15625
1 0.193359375 0.25810185185185186 0.06510416666666667 0.15625
1 0.244140625 0.6192129629629629 0.076171875 0.11458333333333333
1 0.17513020833333334 0.059027777777777776 0.076171875 0.11805555555555555
