0 0.5314814814814814 0.703125 0.11203703703703703 0.06302083333333333
0 0.8583333333333333 0.6625 0.12962962962962962 0.06041666666666667
0 0.6407407407407407 0.8880208333333334 0.15462962962962962 0.084375
0 0.649074074074074 0.6432291666666666 0.13796296296296295 0.09322916666666667
1 0.9537037037037037 0.0578125 0.09259259259259259 0.04895833333333333
1 0.375 0.3020833333333333 0.07962962962962963 0.043229166666666666
1 0.2833333333333333 0.6864583333333333 0.125 0.03697916666666667
1 0.7055555555555556 0.275 0.0824074074074074 0.04635416666666667
1 0.1537037037037037 0.040625 0.075 0.07447916666666667
1 0.11481481481481481 0.20729166666666668 0.09537037037037037 0.07135416666666666
0 0.9601851851851851 0.7786458333333334 0.07962962962962963 0.075
1 0.4564814814814815 0.8317708333333333 0.06481481481481481 0.07604166666666666
1 0.33240740740740743 0.08489583333333334 0.06944444444444445 0.06145833333333333
1 0.3111111111111111 0.2171875 0.11851851851851852 0.035416666666666666
1 0.6129629629629629 0.07760416666666667 0.0712962962962963 0.05
0 0.14629629629629629 0.9833333333333333 0.13240740740740742 0.03333333333333333
1 0.5638888888888889 0.1421875 0.125 0.03854166666666667
1 0.47314814814814815 0.9864583333333333 0.15833333333333333 0.0265625
1 0.937962962962963 0.2557291666666667 0.12407407407407407 0.04791666666666667
1 0.7935185185185185 0.1546875 0.125 0.052083333333333336
1 0.5046296296296297 0.1953125 0.09166666666666666 0.0609375
1 0.024074074074074074 0.653125 0.04722222222222222 0.05677083333333333
1 0.9527777777777777 0.14010416666666667 0.09351851851851851 0.0609375
