0 0.703125 0.4685185185185185 0.0625 0.1111111111111111
0 0.6619791666666667 0.14166666666666666 0.059895833333333336 0.1287037037037037
0 0.8875 0.3592592592592593 0.08385416666666666 0.1537037037037037
0 0.6432291666666666 0.3509259259259259 0.09270833333333334 0.13703703703703704
1 0.057291666666666664 0.046296296296296294 0.0484375 0.09259259259259259
1 0.3020833333333333 0.625 0.042708333333333334 0.0787037037037037
1 0.6864583333333333 0.7166666666666667 0.036458333333333336 0.12407407407407407
1 0.275 0.29444444444444445 0.04583333333333333 0.08148148148148149
1 0.040625 0.8462962962962963 0.07395833333333333 0.07407407407407407
1 0.20729166666666668 0.8851851851851852 0.07083333333333333 0.09444444444444444
0 0.778125 0.03981481481481482 0.07447916666666667 0.07962962962962963
1 0.83125 0.5435185185185185 0.07552083333333333 0.06388888888888888
1 0.084375 0.6675925925925926 0.0609375 0.06851851851851852
1 0.21666666666666667 0.6888888888888889 0.034895833333333334 0.1175925925925926
1 0.07708333333333334 0.387037037037037 0.049479166666666664 0.07037037037037037
0 0.9828125 0.8537037037037037 0.0328125 0.13148148148148148
1 0.14166666666666666 0.4361111111111111 0.03802083333333333 0.12407407407407407
1 0.9864583333333333 0.5268518518518519 0.026041666666666668 0.1574074074074074
1 0.2552083333333333 0.062037037037037036 0.04739583333333333 0.12407407407407407
1 0.15416666666666667 0.2064814814814815 0.0515625 0.12407407407407407
1 0.1953125 0.49537037037037035 0.06041666666666667 0.09074074074074075
1 0.653125 0.975925925925926 0.05625 0.046296296296296294
1 0.14010416666666667 0.046296296296296294 0.06041666666666667 0.09351851851851851
