1 0.6828125 0.28055555555555556 0.0453125 0.09722222222222222
1 0.5401041666666667 0.6861111111111111 0.040625 0.07222222222222222
1 0.415625 0.21203703703703702 0.03854166666666667 0.0787037037037037
1 0.8875 0.23055555555555557 0.0796875 0.04814814814814815
1 0.2890625 0.42777777777777776 0.05364583333333333 0.07037037037037037
1 0.1421875 0.2324074074074074 0.049479166666666664 0.06666666666666667
1 0.7708333333333334 0.22037037037037038 0.03229166666666667 0.08981481481481482
1 0.7614583333333333 0.4009259259259259 0.03958333333333333 0.12777777777777777
1 0.18489583333333334 0.6601851851851852 0.059895833333333336 0.0962962962962963
1 0.8208333333333333 0.6564814814814814 0.04010416666666667 0.10555555555555556
1 0.5703125 0.16574074074074074 0.035416666666666666 0.0824074074074074
1 0.20208333333333334 0.1935185185185185 0.0640625 0.10185185185185185
1 0.5927083333333333 0.2796296296296296 0.049479166666666664 0.058333333333333334
1 0.8333333333333334 0.4305555555555556 0.0625 0.11203703703703703
1 0.5854166666666667 0.4759259259259259 0.028125 0.08055555555555556
1 0.6640625 0.525 0.026041666666666668 0.09537037037037037
1 0.44635416666666666 0.6361111111111111 0.022916666666666665 0.09722222222222222
1 0.2921875 0.5527777777777778 0.053125 0.05462962962962963
1 0.109375 0.48703703703703705 0.065625 0.12222222222222222
1 0.7390625 0.7324074074074074 0.0546875 0.037037037037037035
1 0.37604166666666666 0.40185185185185185 0.059375 0.05648148148148148
1 0.7067708333333333 0.5787037037037037 0.057291666666666664 0.03981481481481482
1 0.2989583333333333 0.25833333333333336 0.059895833333333336 0.05740740740740741
1 0.196875 0.55 0.026041666666666668 0.040740740740740744
1 0.153125 0.3768518518518518 0.08385416666666666 0.09722222222222222
1 0.6208333333333333 0.6805555555555556 0.06197916666666667 0.04814814814814815
1 0.34010416666666665 0.6703703703703704 0.0265625 0.1
1 0.48489583333333336 0.41203703703703703 0.06614583333333333 0.046296296296296294
1 0.06458333333333334 0.6324074074074074 0.0953125 0.08796296296296297
1 0.5078125 0.33425925925925926 0.05 0.08055555555555556
