1 0.8541666666666666 0.35185185185185186 0.057291666666666664 0.12268518518518519
1 0.6751302083333334 0.8576388888888888 0.051432291666666664 0.09143518518518519
1 0.51953125 0.2662037037037037 0.048828125 0.09953703703703703
1 0.3619791666666667 0.5347222222222222 0.06770833333333333 0.08912037037037036
1 0.17838541666666666 0.29050925925925924 0.0625 0.08449074074074074
1 0.9635416666666666 0.27662037037037035 0.041015625 0.11342592592592593
1 0.9518229166666666 0.5011574074074074 0.050130208333333336 0.16087962962962962
1 0.23177083333333334 0.8252314814814815 0.07552083333333333 0.12152777777777778
1 0.712890625 0.20833333333333334 0.044921875 0.10416666666666667
1 0.2532552083333333 0.24189814814814814 0.08072916666666667 0.1284722222222222
1 0.7415364583333334 0.3506944444444444 0.0625 0.07407407407407407
1 0.7317708333333334 0.5960648148148148 0.035807291666666664 0.10185185185185185
1 0.830078125 0.6574074074074074 0.033203125 0.12037037037037036
1 0.5579427083333334 0.7962962962962963 0.029296875 0.12268518518518519
1 0.365234375 0.6921296296296297 0.06705729166666667 0.06944444444444445
1 0.13671875 0.6087962962962963 0.08268229166666667 0.15393518518518517
1 0.9244791666666666 0.9155092592592593 0.06901041666666667 0.047453703703703706
1 0.4700520833333333 0.5034722222222222 0.07486979166666667 0.07175925925925926
1 0.8834635416666666 0.7245370370370371 0.072265625 0.05092592592592592
1 0.3743489583333333 0.3229166666666667 0.07552083333333333 0.07291666666666667
1 0.24609375 0.6875 0.033203125 0.052083333333333336
1 0.19205729166666666 0.4722222222222222 0.10546875 0.12268518518518519
1 0.7766927083333334 0.8506944444444444 0.078125 0.061342592592592594
1 0.42578125 0.8379629629629629 0.033854166666666664 0.1261574074074074
1 0.6067708333333334 0.5150462962962963 0.08333333333333333 0.059027777777777776
1 0.08138020833333333 0.7916666666666666 0.11979166666666667 0.1111111111111111
1 0.634765625 0.41898148148148145 0.06315104166666667 0.10185185185185185
