1 0.7194444444444444 0.6833333333333333 0.09814814814814815 0.04583333333333333
1 0.3138888888888889 0.5401041666666667 0.07314814814814814 0.04114583333333333
1 0.787962962962963 0.415625 0.07962962962962963 0.0390625
1 0.7694444444444445 0.8880208333333334 0.049074074074074076 0.08020833333333334
1 0.5722222222222222 0.28958333333333336 0.0712962962962963 0.05416666666666667
1 0.7675925925925926 0.14270833333333333 0.06759259259259259 0.05
1 0.7796296296296297 0.7708333333333334 0.09074074074074075 0.0328125
1 0.5990740740740741 0.7614583333333333 0.1287037037037037 0.04010416666666667
1 0.3398148148148148 0.18541666666666667 0.09722222222222222 0.06041666666666667
1 0.3435185185185185 0.8213541666666667 0.10648148148148148 0.040625
1 0.8342592592592593 0.5703125 0.08333333333333333 0.0359375
1 0.8064814814814815 0.20260416666666667 0.10277777777777777 0.06458333333333334
1 0.7203703703703703 0.5932291666666667 0.05925925925925926 0.05
1 0.5694444444444444 0.8333333333333334 0.11296296296296296 0.06302083333333333
1 0.524074074074074 0.5854166666666667 0.08148148148148149 0.028645833333333332
1 0.475 0.6640625 0.0962962962962963 0.0265625
1 0.3638888888888889 0.44635416666666666 0.09814814814814815 0.0234375
1 0.44722222222222224 0.2921875 0.05555555555555555 0.05364583333333333
1 0.512962962962963 0.109375 0.12314814814814815 0.06614583333333333
1 0.2675925925925926 0.7395833333333334 0.03796296296296296 0.05520833333333333
1 0.5981481481481481 0.37604166666666666 0.05740740740740741 0.059895833333333336
1 0.4212962962962963 0.7067708333333333 0.040740740740740744 0.0578125
1 0.7416666666666667 0.2994791666666667 0.058333333333333334 0.06041666666666667
1 0.45 0.196875 0.041666666666666664 0.0265625
1 0.6231481481481481 0.15364583333333334 0.09814814814814815 0.084375
1 0.3194444444444444 0.6213541666666667 0.049074074074074076 0.0625
1 0.3296296296296296 0.340625 0.10092592592592593 0.027083333333333334
1 0.5879629629629629 0.48541666666666666 0.04722222222222222 0.06666666666666667
1 0.3675925925925926 0.06510416666666667 0.08888888888888889 0.09583333333333334
1 0.6657407407407407 0.5078125 0.08148148148148149 0.050520833333333334
