0 0.8651041666666667 0.2601851851851852 0.035416666666666666 0.062037037037037036
0 0.9010416666666666 0.5888888888888889 0.043229166666666666 0.07407407407407407
0 0.9234375 0.29444444444444445 0.0390625 0.07314814814814814
0 0.8140625 0.575925925925926 0.03177083333333333 0.05
0 0.9723958333333333 0.2564814814814815 0.034375 0.062037037037037036
0 0.8359375 0.33240740740740743 0.04114583333333333 0.07222222222222222
0 0.8484375 0.6351851851851852 0.03854166666666667 0.06944444444444445
0 0.9536458333333333 0.850925925925926 0.05625 0.09537037037037037
0 0.9828125 0.32314814814814813 0.03177083333333333 0.05555555555555555
0 0.7817708333333333 0.7722222222222223 0.034375 0.06111111111111111
0 0.8744791666666667 0.1962962962962963 0.020833333333333332 0.03425925925925926
