0 0.7398148148148148 0.8651041666666667 0.06296296296296296 0.0359375
0 0.4111111111111111 0.9015625 0.075 0.04375
0 0.7055555555555556 0.9239583333333333 0.07407407407407407 0.03958333333333333
0 0.42407407407407405 0.8145833333333333 0.05092592592592592 0.03229166666666667
0 0.7435185185185185 0.9723958333333333 0.06296296296296296 0.034895833333333334
0 0.6675925925925926 0.8364583333333333 0.07314814814814814 0.041666666666666664
0 0.3648148148148148 0.8484375 0.07037037037037037 0.0390625
0 0.14907407407407408 0.9536458333333333 0.0962962962962963 0.05677083333333333
0 0.6768518518518518 0.9833333333333333 0.05648148148148148 0.03229166666666667
0 0.22777777777777777 0.7817708333333333 0.062037037037037036 0.034895833333333334
0 0.8037037037037037 0.8744791666666667 0.03518518518518519 0.021354166666666667
