0 0.687037037037037 0.41510416666666666 0.06759259259259259 0.03854166666666667
0 0.937962962962963 0.4828125 0.06666666666666667 0.04010416666666667
0 0.4351851851851852 0.4473958333333333 0.07962962962962963 0.04375
0 0.6342592592592593 0.6239583333333333 0.06759259259259259 0.041666666666666664
0 0.5009259259259259 0.4171875 0.04722222222222222 0.03697916666666667
0 0.8092592592592592 0.5125 0.06666666666666667 0.0375
0 0.06944444444444445 0.8614583333333333 0.06759259259259259 0.0375
0 0.7777777777777778 0.39375 0.06388888888888888 0.033854166666666664
0 0.9092592592592592 0.5734375 0.06574074074074074 0.029166666666666667
0 0.525 0.9302083333333333 0.04351851851851852 0.022916666666666665
0 0.8185185185185185 0.421875 0.05555555555555555 0.0359375
0 0.21296296296296297 0.33489583333333334 0.07222222222222222 0.042708333333333334
0 0.8648148148148148 0.6864583333333333 0.03981481481481482 0.026041666666666668
0 0.5666666666666667 0.5447916666666667 0.046296296296296294 0.041666666666666664
0 0.7787037037037037 0.45 0.049074074074074076 0.021354166666666667
