0 0.5188802083333334 0.3912037037037037 0.048177083333333336 0.08449074074074074
0 0.603515625 0.0787037037037037 0.050130208333333336 0.08333333333333333
0 0.5592447916666666 0.7071759259259259 0.0546875 0.09953703703703703
0 0.7799479166666666 0.45717592592592593 0.052083333333333336 0.08449074074074074
0 0.521484375 0.6238425925925926 0.046223958333333336 0.059027777777777776
0 0.640625 0.23958333333333334 0.046875 0.08333333333333333
0 0.4921875 0.2777777777777778 0.042317708333333336 0.0798611111111111
0 0.716796875 0.11342592592592593 0.036458333333333336 0.08217592592592593
0 0.52734375 0.22800925925925927 0.044921875 0.06944444444444445
0 0.4186197916666667 0.9699074074074074 0.053385416666666664 0.06018518518518518
0 0.8580729166666666 0.16898148148148148 0.032552083333333336 0.04976851851851852
0 0.6809895833333334 0.5428240740740741 0.052083333333333336 0.05787037037037037
0 0.5625 0.27662037037037035 0.026692708333333332 0.061342592592592594
