0 0.41458333333333336 0.31296296296296294 0.03802083333333333 0.06666666666666667
0 0.4828125 0.062037037037037036 0.03958333333333333 0.06574074074074074
0 0.446875 0.5648148148148148 0.043229166666666666 0.0787037037037037
0 0.6234375 0.36574074074074076 0.04114583333333333 0.06666666666666667
0 0.4171875 0.49907407407407406 0.036458333333333336 0.046296296296296294
0 0.5119791666666667 0.19074074074074074 0.03697916666666667 0.06574074074074074
0 0.8609375 0.9305555555555556 0.03697916666666667 0.06666666666666667
0 0.39375 0.2222222222222222 0.03333333333333333 0.06296296296296296
0 0.5729166666666666 0.09074074074074075 0.028645833333333332 0.06481481481481481
0 0.9296875 0.475 0.022395833333333334 0.04259259259259259
0 0.421875 0.1814814814814815 0.035416666666666666 0.05462962962962963
0 0.334375 0.7870370370370371 0.0421875 0.0712962962962963
0 0.6859375 0.13518518518518519 0.025520833333333333 0.03888888888888889
0 0.5442708333333334 0.43333333333333335 0.04114583333333333 0.04537037037037037
0 0.45 0.2212962962962963 0.020833333333333332 0.04814814814814815
