0 0.42083333333333334 0.6287037037037037 0.04114583333333333 0.075
0 0.4395833333333333 0.24444444444444444 0.042708333333333334 0.07592592592592592
0 0.47604166666666664 0.5787037037037037 0.041666666666666664 0.08703703703703704
0 0.48541666666666666 0.2759259259259259 0.0421875 0.07592592592592592
0 0.39791666666666664 0.31296296296296294 0.049479166666666664 0.07962962962962963
0 0.35208333333333336 0.7703703703703704 0.040625 0.06481481481481481
0 0.553125 0.24074074074074073 0.0375 0.06481481481481481
0 0.3875 0.5666666666666667 0.036458333333333336 0.053703703703703705
0 0.565625 0.31296296296296294 0.0390625 0.05648148148148148
0 0.528125 0.8472222222222222 0.052083333333333336 0.08703703703703704
0 0.6020833333333333 0.475 0.022916666666666665 0.06111111111111111
0 0.44375 0.1824074074074074 0.025 0.03888888888888889
