0 0.3712962962962963 0.42135416666666664 0.07592592592592592 0.041666666666666664
0 0.7555555555555555 0.4395833333333333 0.07685185185185185 0.043229166666666666
0 0.4212962962962963 0.47604166666666664 0.08796296296296297 0.0421875
0 0.7240740740740741 0.4859375 0.07685185185185185 0.042708333333333334
0 0.687037037037037 0.3984375 0.08055555555555556 0.05
0 0.22962962962962963 0.35208333333333336 0.06574074074074074 0.04114583333333333
0 0.7592592592592593 0.553125 0.06574074074074074 0.03802083333333333
0 0.43333333333333335 0.3875 0.05462962962962963 0.03697916666666667
0 0.687037037037037 0.5661458333333333 0.05740740740740741 0.03958333333333333
0 0.1527777777777778 0.528125 0.08796296296296297 0.05260416666666667
0 0.525 0.6020833333333333 0.062037037037037036 0.0234375
0 0.8175925925925925 0.44375 0.03981481481481482 0.025520833333333333
