0 0.5266927083333334 0.7870370370370371 0.052083333333333336 0.09490740740740741
0 0.5494791666666666 0.3055555555555556 0.054036458333333336 0.09606481481481481
0 0.5950520833333334 0.7233796296296297 0.052734375 0.1099537037037037
0 0.607421875 0.3449074074074074 0.053385416666666664 0.09606481481481481
0 0.498046875 0.3912037037037037 0.0625 0.10069444444444445
0 0.4401041666666667 0.9606481481481481 0.051432291666666664 0.0775462962962963
0 0.69140625 0.30092592592592593 0.047526041666666664 0.08217592592592593
0 0.484375 0.7083333333333334 0.046223958333333336 0.06828703703703703
0 0.7076822916666666 0.3923611111111111 0.049479166666666664 0.07175925925925926
0 0.7526041666666666 0.59375 0.029296875 0.0775462962962963
0 0.5546875 0.22800925925925927 0.031901041666666664 0.04976851851851852
