1 0.049074074074074076 0.3578125 0.09351851851851851 0.07135416666666666
1 0.8796296296296297 0.16770833333333332 0.07962962962962963 0.0484375
1 0.15 0.25052083333333336 0.16018518518518518 0.07083333333333333
1 0.6314814814814815 0.6317708333333333 0.13148148148148148 0.0453125
1 0.13333333333333333 0.6223958333333334 0.1361111111111111 0.043229166666666666
1 0.8064814814814815 0.4427083333333333 0.11018518518518519 0.0390625
1 0.37962962962962965 0.3890625 0.0824074074074074 0.03854166666666667
1 0.24444444444444444 0.17552083333333332 0.13240740740740742 0.03229166666666667
1 0.2759259259259259 0.5619791666666667 0.1037037037037037 0.05572916666666667
1 0.6555555555555556 0.14166666666666666 0.16018518518518518 0.11458333333333333
1 0.6148148148148148 0.5072916666666667 0.13425925925925927 0.041666666666666664
1 0.4462962962962963 0.18854166666666666 0.07037037037037037 0.0671875
1 0.8064814814814815 0.33125 0.10648148148148148 0.0609375
1 0.05185185185185185 0.20885416666666667 0.10092592592592593 0.0453125
1 0.7638888888888888 0.6671875 0.07407407407407407 0.0828125
1 0.9259259259259259 0.23854166666666668 0.10185185185185185 0.05625
1 0.5768518518518518 0.25677083333333334 0.062037037037037036 0.0546875
