1 0.20963541666666666 0.15162037037037038 0.060546875 0.09953703703703703
1 0.3131510416666667 0.9814814814814815 0.08854166666666667 0.037037037037037035
1 0.7897135416666666 0.4618055555555556 0.056640625 0.16435185185185186
1 0.7779947916666666 0.9988425925925926 0.054036458333333336 0.0011574074074074073
1 0.5533854166666666 0.24189814814814814 0.048828125 0.13773148148148148
1 0.486328125 0.7754629629629629 0.048177083333333336 0.10300925925925926
1 0.21940104166666666 0.9305555555555556 0.040364583333333336 0.13773148148148148
1 0.7024739583333334 0.90625 0.06966145833333333 0.12962962962962962
1 0.17708333333333334 0.4305555555555556 0.14322916666666666 0.20023148148148148
1 0.6341145833333334 0.48148148148148145 0.052083333333333336 0.16782407407407407
1 0.23567708333333334 0.6932870370370371 0.083984375 0.08796296296296297
1 0.4140625 0.24189814814814814 0.076171875 0.13310185185185186
1 0.833984375 0.2962962962962963 0.103515625 0.09259259259259259
1 0.2981770833333333 0.09375 0.0703125 0.12731481481481483
1 0.3209635416666667 0.5289351851851852 0.068359375 0.0775462962962963
