1 0.3578125 0.950925925925926 0.07083333333333333 0.09259259259259259
1 0.16770833333333332 0.12037037037037036 0.04791666666666667 0.0787037037037037
1 0.25 0.85 0.0703125 0.15925925925925927
1 0.6317708333333333 0.3685185185185185 0.04479166666666667 0.13055555555555556
1 0.6223958333333334 0.8666666666666667 0.042708333333333334 0.13518518518518519
1 0.4427083333333333 0.1935185185185185 0.03854166666666667 0.10925925925925926
1 0.3885416666666667 0.6203703703703703 0.03802083333333333 0.08148148148148149
1 0.175 0.7555555555555555 0.03177083333333333 0.13148148148148148
1 0.5619791666666667 0.7240740740740741 0.05520833333333333 0.10277777777777777
1 0.14114583333333333 0.34444444444444444 0.1140625 0.15925925925925927
1 0.5067708333333333 0.3851851851851852 0.04114583333333333 0.13333333333333333
1 0.18854166666666666 0.5537037037037037 0.06666666666666667 0.06944444444444445
1 0.33125 0.1935185185185185 0.06041666666666667 0.10555555555555556
1 0.20885416666666667 0.9481481481481482 0.04479166666666667 0.1
1 0.6671875 0.2361111111111111 0.08229166666666667 0.07314814814814814
1 0.23802083333333332 0.07407407407407407 0.05572916666666667 0.10092592592592593
1 0.25677083333333334 0.42314814814814816 0.05416666666666667 0.06111111111111111
