0 0.8010416666666667 0.9435185185185185 0.10833333333333334 0.10462962962962963
0 0.34479166666666666 0.3509259259259259 0.09427083333333333 0.12685185185185185
0 0.6010416666666667 0.5444444444444444 0.05416666666666667 0.10555555555555556
0 0.34427083333333336 0.6574074074074074 0.0765625 0.13425925925925927
0 0.47760416666666666 0.5537037037037037 0.0734375 0.14166666666666666
0 0.5854166666666667 0.8111111111111111 0.06822916666666666 0.14166666666666666
0 0.796875 0.6546296296296297 0.08802083333333334 0.12129629629629629
0 0.6791666666666667 0.8046296296296296 0.07447916666666667 0.15833333333333333
0 0.41041666666666665 0.9416666666666667 0.084375 0.11481481481481481
1 0.7770833333333333 0.37037037037037035 0.08541666666666667 0.10833333333333334
1 0.6697916666666667 0.33611111111111114 0.05677083333333333 0.06944444444444445
1 0.515625 0.3925925925925926 0.04114583333333333 0.15833333333333333
1 0.7848958333333333 0.05925925925925926 0.053125 0.075
1 0.6286458333333333 0.03333333333333333 0.06145833333333333 0.05925925925925926
1 0.5208333333333334 0.04537037037037037 0.034895833333333334 0.09166666666666666
1 0.7270833333333333 0.10555555555555556 0.05625 0.09814814814814815
