0 0.431640625 0.4398148148148148 0.11848958333333333 0.1597222222222222
0 0.7513020833333334 0.6805555555555556 0.068359375 0.13310185185185186
0 0.4309895833333333 0.8229166666666666 0.09635416666666667 0.16898148148148148
0 0.59765625 0.6932870370370371 0.09244791666666667 0.17824074074074073
0 0.732421875 0.9629629629629629 0.0859375 0.07407407407407407
0 0.970703125 0.8194444444444444 0.05859375 0.1527777777777778
0 0.849609375 0.9537037037037037 0.09375 0.09259259259259259
1 0.958984375 0.46412037037037035 0.08203125 0.13657407407407407
1 0.837890625 0.4212962962962963 0.07161458333333333 0.08796296296296297
1 0.6451822916666666 0.49189814814814814 0.052083333333333336 0.19907407407407407
1 0.9739583333333334 0.07523148148148148 0.052083333333333336 0.09490740740740741
1 0.7858072916666666 0.041666666666666664 0.07747395833333333 0.07523148148148148
1 0.6516927083333334 0.05787037037037037 0.044270833333333336 0.11574074074074074
1 0.9088541666666666 0.13194444444444445 0.07096354166666667 0.12384259259259259
