0 0.05648148148148148 0.8010416666666667 0.10555555555555556 0.10885416666666667
0 0.649074074074074 0.3453125 0.12777777777777777 0.09479166666666666
0 0.45555555555555555 0.6010416666666667 0.10648148148148148 0.0546875
0 0.3425925925925926 0.34479166666666666 0.13518518518518519 0.07708333333333334
0 0.4462962962962963 0.478125 0.1425925925925926 0.07395833333333333
0 0.18888888888888888 0.5859375 0.1425925925925926 0.06875
0 0.3453703703703704 0.7973958333333333 0.12222222222222222 0.08854166666666667
0 0.19537037037037036 0.6796875 0.15925925925925927 0.075
0 0.058333333333333334 0.41041666666666665 0.11574074074074074 0.08489583333333334
1 0.6296296296296297 0.7770833333333333 0.10925925925925926 0.0859375
1 0.6638888888888889 0.6703125 0.07037037037037037 0.057291666666666664
1 0.6074074074074074 0.5161458333333333 0.15925925925925927 0.041666666666666664
1 0.9407407407407408 0.7848958333333333 0.07592592592592592 0.05364583333333333
1 0.9666666666666667 0.6286458333333333 0.06018518518518518 0.06197916666666667
1 0.9537037037037037 0.5213541666666667 0.09166666666666666 0.035416666666666666
1 0.8944444444444445 0.7270833333333333 0.09907407407407408 0.05677083333333333
