0 0.08425925925925926 0.746875 0.09814814814814815 0.0671875
0 0.5268518518518519 0.3015625 0.1037037037037037 0.04375
0 0.5722222222222222 0.7755208333333333 0.10277777777777777 0.05572916666666667
0 0.5787037037037037 0.8598958333333333 0.075 0.04010416666666667
0 0.17407407407407408 0.8916666666666667 0.12777777777777777 0.0671875
0 0.5074074074074074 0.6854166666666667 0.08981481481481482 0.05416666666666667
0 0.30462962962962964 0.7354166666666667 0.11203703703703703 0.06510416666666667
0 0.10277777777777777 0.9713541666666666 0.08981481481481482 0.05572916666666667
0 0.7148148148148148 0.6864583333333333 0.09444444444444444 0.06614583333333333
0 0.11851851851851852 0.6322916666666667 0.11851851851851852 0.057291666666666664
0 0.8481481481481481 0.2604166666666667 0.08611111111111111 0.042708333333333334
0 0.7166666666666667 0.3145833333333333 0.09722222222222222 0.07083333333333333
0 0.7444444444444445 0.09114583333333333 0.09814814814814815 0.053125
0 0.39537037037037037 0.9171875 0.11851851851851852 0.0546875
0 0.3925925925925926 0.8515625 0.10925925925925926 0.051041666666666666
0 0.28055555555555556 0.9848958333333333 0.08518518518518518 0.030208333333333334
0 0.021296296296296296 0.16822916666666668 0.041666666666666664 0.06614583333333333
1 0.3388888888888889 0.12552083333333333 0.0787037037037037 0.051041666666666666
0 0.9787037037037037 0.6635416666666667 0.03796296296296296 0.07552083333333333
1 0.725 0.9078125 0.041666666666666664 0.046875
1 0.7203703703703703 0.9791666666666666 0.06111111111111111 0.041666666666666664
1 0.8888888888888888 0.9536458333333333 0.07407407407407407 0.0390625
1 0.9481481481481482 0.8791666666666667 0.07777777777777778 0.05
1 0.14444444444444443 0.16927083333333334 0.11296296296296296 0.06302083333333333
1 0.3453703703703704 0.296875 0.07037037037037037 0.0640625
1 0.6907407407407408 0.8010416666666667 0.11018518518518519 0.03958333333333333
1 0.9425925925925925 0.15520833333333334 0.062037037037037036 0.05364583333333333
0 0.06759259259259259 0.08020833333333334 0.09351851851851851 0.06458333333333334
1 0.9268518518518518 0.7979166666666667 0.09907407407407408 0.022916666666666665
1 0.9157407407407407 0.9875 0.04814814814814815 0.025
