0 0.746875 0.9157407407407407 0.06666666666666667 0.09722222222222222
0 0.30104166666666665 0.47314814814814815 0.043229166666666666 0.10277777777777777
0 0.7755208333333333 0.42777777777777776 0.05520833333333333 0.10185185185185185
0 0.8598958333333333 0.4212962962962963 0.03958333333333333 0.07407407407407407
0 0.8916666666666667 0.825925925925926 0.06666666666666667 0.12685185185185185
0 0.6848958333333334 0.4925925925925926 0.05364583333333333 0.08888888888888889
0 0.7354166666666667 0.6953703703703704 0.06458333333333334 0.1111111111111111
0 0.9713541666666666 0.8972222222222223 0.05520833333333333 0.08888888888888889
0 0.6864583333333333 0.2851851851851852 0.065625 0.09351851851851851
0 0.6317708333333333 0.8814814814814815 0.05677083333333333 0.1175925925925926
0 0.2598958333333333 0.15185185185185185 0.0421875 0.08518518518518518
0 0.3140625 0.2833333333333333 0.0703125 0.0962962962962963
0 0.090625 0.25555555555555554 0.05260416666666667 0.09722222222222222
0 0.9171875 0.6046296296296296 0.05416666666666667 0.1175925925925926
0 0.8510416666666667 0.6074074074074074 0.050520833333333334 0.10833333333333334
0 0.984375 0.7194444444444444 0.0296875 0.08425925925925926
0 0.16822916666666668 0.9787037037037037 0.065625 0.040740740740740744
1 0.125 0.6611111111111111 0.050520833333333334 0.07777777777777778
0 0.6635416666666667 0.021296296296296296 0.075 0.037037037037037035
1 0.9072916666666667 0.275 0.04635416666666667 0.040740740740740744
1 0.9786458333333333 0.2796296296296296 0.04114583333333333 0.06018518518518518
1 0.9536458333333333 0.1111111111111111 0.03854166666666667 0.07314814814814814
1 0.8786458333333333 0.05185185185185185 0.049479166666666664 0.07685185185185185
1 0.16927083333333334 0.8555555555555555 0.0625 0.11203703703703703
1 0.296875 0.6546296296296297 0.06354166666666666 0.06944444444444445
1 0.8005208333333333 0.30925925925925923 0.0390625 0.10925925925925926
1 0.15520833333333334 0.05740740740740741 0.053125 0.06111111111111111
0 0.0796875 0.9324074074074075 0.0640625 0.09259259259259259
1 0.7973958333333333 0.07314814814814814 0.022395833333333334 0.09814814814814815
1 0.9875 0.08425925925925926 0.025 0.04722222222222222
