0 0.376953125 0.5925925925925926 0.0546875 0.12962962962962962
0 0.9674479166666666 0.5347222222222222 0.06510416666666667 0.1284722222222222
0 0.8567708333333334 0.6157407407407407 0.06770833333333333 0.11226851851851852
0 0.9192708333333334 0.8692129629629629 0.08138020833333333 0.1400462962962963
0 0.8580729166666666 0.3576388888888889 0.08268229166666667 0.11805555555555555
0 0.3255208333333333 0.18981481481481483 0.053385416666666664 0.1076388888888889
0 0.3932291666666667 0.3541666666666667 0.08854166666666667 0.12152777777777778
0 0.11393229166666667 0.32060185185185186 0.06640625 0.12268518518518519
1 0.15690104166666666 0.8263888888888888 0.06380208333333333 0.09837962962962964
0 0.8294270833333334 0.02662037037037037 0.09440104166666667 0.047453703703703706
1 0.37109375 0.8194444444444444 0.080078125 0.08796296296296297
1 0.98828125 0.38657407407407407 0.0234375 0.13773148148148148
1 0.19401041666666666 0.07175925925925926 0.06705729166666667 0.0775462962962963
1 0.9915364583333334 0.09143518518518519 0.016927083333333332 0.12384259259259259
