0 0.7770833333333333 0.049074074074074076 0.042708333333333334 0.09074074074074075
1 0.0953125 0.725 0.050520833333333334 0.06666666666666667
0 0.9697916666666667 0.6240740740740741 0.058333333333333334 0.09351851851851851
1 0.01875 0.6722222222222223 0.03802083333333333 0.07222222222222222
1 0.325 0.8481481481481481 0.0671875 0.053703703703703705
1 0.0890625 0.1675925925925926 0.04791666666666667 0.08425925925925926
1 0.1140625 0.48055555555555557 0.025 0.06111111111111111
1 0.8078125 0.7731481481481481 0.09739583333333333 0.11481481481481481
0 0.9838541666666667 0.4703703703703704 0.030729166666666665 0.10277777777777777
1 0.8911458333333333 0.30277777777777776 0.05260416666666667 0.09722222222222222
1 0.011979166666666667 0.06944444444444445 0.024479166666666666 0.05648148148148148
1 0.1765625 0.15833333333333333 0.030729166666666665 0.07685185185185185
1 0.33229166666666665 0.18425925925925926 0.06302083333333333 0.049074074074074076
1 0.30364583333333334 0.28888888888888886 0.0484375 0.09259259259259259
1 0.21302083333333333 0.3101851851851852 0.030208333333333334 0.09722222222222222
1 0.25104166666666666 0.5601851851851852 0.041666666666666664 0.08703703703703704
1 0.2989583333333333 0.6648148148148149 0.024479166666666666 0.09444444444444444
1 0.028645833333333332 0.3287037037037037 0.04791666666666667 0.053703703703703705
1 0.7125 0.549074074074074 0.065625 0.06666666666666667
1 0.7729166666666667 0.22407407407407406 0.0703125 0.13425925925925927
1 0.8911458333333333 0.11574074074074074 0.059895833333333336 0.053703703703703705
1 0.890625 0.8490740740740741 0.040625 0.1175925925925926
