0 0.9713541666666666 0.061342592592592594 0.054036458333333336 0.11458333333333333
1 0.11979166666666667 0.90625 0.06380208333333333 0.08449074074074074
1 0.024088541666666668 0.8402777777777778 0.048177083333333336 0.09143518518518519
1 0.111328125 0.21064814814814814 0.060546875 0.10648148148148148
1 0.142578125 0.6006944444444444 0.031901041666666664 0.0775462962962963
1 0.974609375 0.9467592592592593 0.05078125 0.10532407407407407
1 0.015625 0.08796296296296297 0.03125 0.07175925925925926
1 0.22135416666666666 0.19907407407407407 0.0390625 0.09722222222222222
1 0.416015625 0.23148148148148148 0.07942708333333333 0.0625
1 0.3802083333333333 0.3611111111111111 0.061197916666666664 0.11689814814814815
1 0.2662760416666667 0.3888888888888889 0.038411458333333336 0.12268518518518519
1 0.3138020833333333 0.7002314814814815 0.052734375 0.1099537037037037
1 0.3743489583333333 0.8310185185185185 0.03125 0.11921296296296297
1 0.035807291666666664 0.41087962962962965 0.060546875 0.06828703703703703
1 0.890625 0.6863425925925926 0.08268229166666667 0.08449074074074074
1 0.9609375 0.28125 0.07747395833333333 0.16898148148148148
