0 0.950925925925926 0.7770833333333333 0.09166666666666666 0.043229166666666666
1 0.275 0.09583333333333334 0.06759259259259259 0.051041666666666666
0 0.37592592592592594 0.9697916666666667 0.09444444444444444 0.058854166666666666
1 0.3277777777777778 0.019270833333333334 0.07314814814814814 0.03854166666666667
1 0.15185185185185185 0.3255208333333333 0.05462962962962963 0.06770833333333333
1 0.8324074074074074 0.0890625 0.08518518518518518 0.0484375
1 0.5194444444444445 0.1140625 0.062037037037037036 0.025520833333333333
1 0.22685185185185186 0.8083333333333333 0.11574074074074074 0.09791666666666667
0 0.5296296296296297 0.984375 0.1037037037037037 0.03125
1 0.6972222222222222 0.8916666666666667 0.09814814814814815 0.053125
1 0.9305555555555556 0.0125 0.05740740740740741 0.025
1 0.8416666666666667 0.17708333333333334 0.07777777777777778 0.03125
1 0.8157407407407408 0.3328125 0.05 0.06354166666666666
1 0.7111111111111111 0.30416666666666664 0.09351851851851851 0.04895833333333333
1 0.6898148148148148 0.21302083333333333 0.09814814814814815 0.030729166666666665
1 0.4398148148148148 0.25104166666666666 0.08796296296296297 0.0421875
1 0.3351851851851852 0.2994791666666667 0.09537037037037037 0.025
1 0.6712962962962963 0.028645833333333332 0.05462962962962963 0.0484375
1 0.45092592592592595 0.7125 0.06759259259259259 0.06614583333333333
1 0.7759259259259259 0.7734375 0.13518518518518519 0.07083333333333333
1 0.8842592592592593 0.8916666666666667 0.05462962962962963 0.06041666666666667
1 0.15092592592592594 0.890625 0.11851851851851852 0.04114583333333333
