0 0.9411458333333333 0.2611111111111111 0.06510416666666667 0.1259259259259259
0 0.88125 0.05 0.06510416666666667 0.10092592592592593
0 0.7921875 0.25462962962962965 0.0609375 0.14074074074074075
1 0.5302083333333333 0.2462962962962963 0.09010416666666667 0.08518518518518518
1 0.6208333333333333 0.2935185185185185 0.0359375 0.1175925925925926
1 0.17083333333333334 0.34629629629629627 0.034375 0.13240740740740742
1 0.3614583333333333 0.16944444444444445 0.050520833333333334 0.09074074074074075
1 0.2911458333333333 0.26481481481481484 0.065625 0.05740740740740741
1 0.0640625 0.08333333333333333 0.0828125 0.058333333333333334
1 0.5364583333333334 0.06574074074074074 0.0515625 0.04722222222222222
1 0.028125 0.3435185185185185 0.05625 0.05185185185185185
