0 0.7388888888888889 0.9416666666666667 0.12685185185185185 0.065625
0 0.9490740740740741 0.8817708333333333 0.10092592592592593 0.065625
0 0.7453703703703703 0.7927083333333333 0.14166666666666666 0.06145833333333333
1 0.7537037037037037 0.5307291666666667 0.08611111111111111 0.090625
1 0.7064814814814815 0.6213541666666667 0.11851851851851852 0.036458333333333336
1 0.6537037037037037 0.17083333333333334 0.13333333333333333 0.034895833333333334
1 0.8305555555555556 0.3619791666666667 0.09166666666666666 0.051041666666666666
1 0.7351851851851852 0.2911458333333333 0.058333333333333334 0.06614583333333333
1 0.9166666666666666 0.06458333333333334 0.05925925925925926 0.08333333333333333
1 0.9342592592592592 0.5369791666666667 0.04814814814814815 0.052083333333333336
1 0.6564814814814814 0.028125 0.05277777777777778 0.05677083333333333
