1 0.63125 0.9222222222222223 0.043229166666666666 0.09351851851851851
1 0.3494791666666667 0.8425925925925926 0.0765625 0.09074074074074075
1 0.41354166666666664 0.9138888888888889 0.04895833333333333 0.09074074074074075
1 0.5708333333333333 0.7907407407407407 0.03125 0.1037037037037037
1 0.9682291666666667 0.8416666666666667 0.04739583333333333 0.13148148148148148
1 0.19010416666666666 0.9055555555555556 0.07135416666666666 0.13703703703703704
1 0.6875 0.7333333333333333 0.06041666666666667 0.05648148148148148
1 0.790625 0.7796296296296297 0.05625 0.08425925925925926
1 0.4666666666666667 0.7870370370370371 0.05677083333333333 0.05462962962962963
1 0.8213541666666667 0.8953703703703704 0.04114583333333333 0.07222222222222222
