1 0.07777777777777778 0.6317708333333333 0.09444444444444444 0.04375
1 0.1574074074074074 0.35 0.09166666666666666 0.07708333333333334
1 0.08611111111111111 0.41354166666666664 0.09166666666666666 0.049479166666666664
1 0.20925925925925926 0.5708333333333333 0.10462962962962963 0.03177083333333333
1 0.15833333333333333 0.96875 0.13240740740740742 0.04791666666666667
1 0.09444444444444444 0.190625 0.13796296296296295 0.071875
1 0.26666666666666666 0.6875 0.05740740740740741 0.0609375
1 0.22037037037037038 0.790625 0.08518518518518518 0.05677083333333333
1 0.21296296296296297 0.4671875 0.05555555555555555 0.057291666666666664
1 0.10462962962962963 0.821875 0.07314814814814814 0.041666666666666664
