1 0.6921875 0.22407407407407406 0.040625 0.09907407407407408
0 0.19427083333333334 0.6435185185185185 0.07864583333333333 0.13518518518518519
1 0.753125 0.5898148148148148 0.04635416666666667 0.0712962962962963
0 0.057291666666666664 0.7731481481481481 0.08333333333333333 0.11203703703703703
1 0.8338541666666667 0.12129629629629629 0.040625 0.07222222222222222
1 0.1375 0.9027777777777778 0.059375 0.058333333333333334
1 0.7135416666666666 0.06851851851851852 0.046875 0.05092592592592592
1 0.7546875 0.2740740740740741 0.0484375 0.04537037037037037
0 0.058333333333333334 0.04814814814814815 0.041666666666666664 0.08148148148148149
1 0.7213541666666666 0.7037037037037037 0.021875 0.10277777777777777
1 0.8723958333333334 0.4722222222222222 0.03177083333333333 0.07037037037037037
1 0.8364583333333333 0.6814814814814815 0.05677083333333333 0.06296296296296296
0 0.23177083333333334 0.5009259259259259 0.05260416666666667 0.1175925925925926
1 0.6854166666666667 0.37407407407407406 0.046875 0.04537037037037037
1 0.796875 0.9527777777777777 0.024479166666666666 0.09166666666666666
1 0.7255208333333333 0.9083333333333333 0.057291666666666664 0.05
1 0.946875 0.2916666666666667 0.034895833333333334 0.08425925925925926
1 0.69375 0.5361111111111111 0.021354166666666667 0.09537037037037037
1 0.14583333333333334 0.09814814814814815 0.0609375 0.062037037037037036
1 0.1203125 0.37777777777777777 0.057291666666666664 0.09907407407407408
1 0.9833333333333333 0.5324074074074074 0.03177083333333333 0.0962962962962963
1 0.8942708333333333 0.09907407407407408 0.023958333333333335 0.07777777777777778
1 0.9223958333333333 0.9638888888888889 0.017708333333333333 0.06666666666666667
1 0.29583333333333334 0.09907407407407408 0.041666666666666664 0.09351851851851851
1 0.7567708333333333 0.07037037037037037 0.03854166666666667 0.06759259259259259
