1 0.7759259259259259 0.6921875 0.1 0.04114583333333333
0 0.35648148148148145 0.19479166666666667 0.1361111111111111 0.07916666666666666
1 0.4101851851851852 0.7536458333333333 0.07222222222222222 0.046875
0 0.22685185185185186 0.057291666666666664 0.11296296296296296 0.08385416666666666
1 0.8787037037037037 0.8338541666666667 0.07314814814814814 0.04114583333333333
1 0.09722222222222222 0.1375 0.05925925925925926 0.059895833333333336
1 0.9314814814814815 0.7135416666666666 0.05185185185185185 0.04739583333333333
1 0.725925925925926 0.7552083333333334 0.046296296296296294 0.04895833333333333
0 0.9518518518518518 0.058333333333333334 0.0824074074074074 0.0421875
1 0.2962962962962963 0.7213541666666666 0.1037037037037037 0.022395833333333334
1 0.5277777777777778 0.8729166666666667 0.0712962962962963 0.03229166666666667
1 0.31851851851851853 0.8369791666666667 0.06388888888888888 0.057291666666666664
0 0.49907407407407406 0.23229166666666667 0.11851851851851852 0.053125
1 0.6259259259259259 0.6854166666666667 0.046296296296296294 0.04739583333333333
1 0.04722222222222222 0.7973958333333333 0.09259259259259259 0.025
1 0.09166666666666666 0.7255208333333333 0.05092592592592592 0.0578125
1 0.7083333333333334 0.9473958333333333 0.08518518518518518 0.035416666666666666
1 0.4638888888888889 0.6942708333333333 0.0962962962962963 0.021875
1 0.9018518518518519 0.14635416666666667 0.06296296296296296 0.06145833333333333
1 0.6222222222222222 0.1203125 0.1 0.0578125
1 0.4675925925925926 0.9838541666666667 0.09722222222222222 0.03229166666666667
1 0.9009259259259259 0.8942708333333333 0.0787037037037037 0.024479166666666666
1 0.03611111111111111 0.9223958333333333 0.06759259259259259 0.018229166666666668
1 0.9009259259259259 0.29583333333333334 0.09444444444444444 0.0421875
1 0.9296296296296296 0.7567708333333333 0.06851851851851852 0.0390625
