1 0.865234375 0.28125 0.051432291666666664 0.125
0 0.24348958333333334 0.8043981481481481 0.09895833333333333 0.1701388888888889
1 0.9420572916666666 0.7384259259259259 0.05859375 0.09027777777777778
0 0.07161458333333333 0.9479166666666666 0.10481770833333333 0.10300925925925926
1 0.8919270833333334 0.08680555555555555 0.059244791666666664 0.06481481481481481
1 0.9440104166666666 0.34375 0.061197916666666664 0.05787037037037037
0 0.07291666666666667 0.06018518518518518 0.052734375 0.10300925925925926
1 0.9016927083333334 0.8807870370370371 0.027994791666666668 0.12962962962962962
0 0.2903645833333333 0.6273148148148148 0.06640625 0.14814814814814814
1 0.8567708333333334 0.46875 0.059244791666666664 0.05787037037037037
1 0.8678385416666666 0.6712962962962963 0.02734375 0.12037037037037036
1 0.18294270833333334 0.12384259259259259 0.07682291666666667 0.0787037037037037
1 0.150390625 0.47337962962962965 0.072265625 0.125
1 0.3697916666666667 0.125 0.052734375 0.11805555555555555
1 0.9459635416666666 0.08912037037037036 0.048828125 0.08564814814814815
