1 0.6546875 0.39444444444444443 0.04010416666666667 0.08055555555555556
1 0.7760416666666666 0.3148148148148148 0.04635416666666667 0.07037037037037037
0 0.20104166666666667 0.7037037037037037 0.07604166666666666 0.14907407407407408
1 0.7625 0.08518518518518518 0.03854166666666667 0.06388888888888888
1 0.9239583333333333 0.6712962962962963 0.036458333333333336 0.09722222222222222
0 0.9567708333333333 0.15185185185185185 0.06822916666666666 0.11851851851851852
0 0.084375 0.16944444444444445 0.0421875 0.08888888888888889
1 0.7947916666666667 0.8 0.0484375 0.05555555555555555
1 0.7109375 0.7222222222222222 0.0484375 0.06944444444444445
1 0.6703125 0.2638888888888889 0.03802083333333333 0.05555555555555555
1 0.7145833333333333 0.46574074074074073 0.04479166666666667 0.041666666666666664
1 0.9635416666666666 0.8046296296296296 0.040625 0.07962962962962963
1 0.653125 0.5277777777777778 0.041666666666666664 0.03425925925925926
0 0.2265625 0.022222222222222223 0.059375 0.04537037037037037
1 0.9541666666666667 0.46944444444444444 0.029166666666666667 0.1259259259259259
0 0.0328125 0.04814814814814815 0.065625 0.09722222222222222
1 0.3026041666666667 0.19722222222222222 0.025520833333333333 0.09722222222222222
1 0.9692708333333333 0.33796296296296297 0.06041666666666667 0.0712962962962963
1 0.16979166666666667 0.19722222222222222 0.06041666666666667 0.07962962962962963
1 0.8796875 0.4583333333333333 0.03333333333333333 0.07777777777777778
1 0.81875 0.6277777777777778 0.0265625 0.06851851851851852
1 0.6828125 0.03333333333333333 0.0578125 0.06481481481481481
1 0.6875 0.8379629629629629 0.018229166666666668 0.09537037037037037
1 0.034895833333333334 0.3574074074074074 0.0359375 0.09074074074074075
1 0.6609375 0.6768518518518518 0.017708333333333333 0.08333333333333333
1 0.14322916666666666 0.950925925925926 0.0484375 0.06666666666666667
1 0.9828125 0.9324074074074075 0.03177083333333333 0.06018518518518518
1 0.015104166666666667 0.6212962962962963 0.030208333333333334 0.08888888888888889
1 0.12864583333333332 0.42685185185185187 0.0640625 0.14074074074074075
1 0.8322916666666667 0.29444444444444445 0.021354166666666667 0.08055555555555556
1 0.8541666666666666 0.0787037037037037 0.0453125 0.10185185185185185
0 0.8708333333333333 0.019444444444444445 0.034375 0.03888888888888889
0 0.790625 0.023148148148148147 0.041666666666666664 0.04722222222222222
