1 0.6055555555555555 0.6552083333333333 0.08148148148148149 0.040625
1 0.6851851851851852 0.7765625 0.0712962962962963 0.046875
0 0.2962962962962963 0.20104166666666667 0.15 0.0765625
1 0.9148148148148149 0.7625 0.06481481481481481 0.0390625
1 0.3287037037037037 0.9239583333333333 0.09814814814814815 0.03697916666666667
0 0.8481481481481481 0.9572916666666667 0.11944444444444445 0.06875
0 0.8305555555555556 0.08489583333333334 0.08981481481481482 0.042708333333333334
1 0.2 0.7953125 0.05648148148148148 0.04895833333333333
1 0.2777777777777778 0.7114583333333333 0.07037037037037037 0.04895833333333333
1 0.7361111111111112 0.6708333333333333 0.05648148148148148 0.03854166666666667
1 0.5342592592592592 0.7145833333333333 0.04259259259259259 0.0453125
1 0.19537037037037036 0.9635416666666666 0.08055555555555556 0.04114583333333333
1 0.4722222222222222 0.653125 0.03518518518518519 0.0421875
0 0.9768518518518519 0.2265625 0.04537037037037037 0.059895833333333336
1 0.5305555555555556 0.9541666666666667 0.12685185185185185 0.0296875
0 0.950925925925926 0.0328125 0.09722222222222222 0.06614583333333333
1 0.8027777777777778 0.303125 0.09814814814814815 0.026041666666666668
1 0.6620370370370371 0.9692708333333333 0.07222222222222222 0.0609375
1 0.8027777777777778 0.16979166666666667 0.08055555555555556 0.0609375
1 0.5416666666666666 0.8796875 0.0787037037037037 0.033854166666666664
1 0.37222222222222223 0.8192708333333333 0.06944444444444445 0.027083333333333334
1 0.9666666666666667 0.6833333333333333 0.06574074074074074 0.058333333333333334
1 0.16203703703703703 0.6880208333333333 0.0962962962962963 0.01875
1 0.6425925925925926 0.035416666666666666 0.09166666666666666 0.036458333333333336
1 0.32314814814814813 0.6609375 0.08425925925925926 0.018229166666666668
1 0.049074074074074076 0.14375 0.06759259259259259 0.04895833333333333
1 0.06759259259259259 0.9833333333333333 0.06111111111111111 0.03229166666666667
1 0.3787037037037037 0.015104166666666667 0.08981481481481482 0.030729166666666665
1 0.5731481481481482 0.12916666666666668 0.14166666666666666 0.06458333333333334
1 0.7055555555555556 0.8328125 0.08148148148148149 0.021875
1 0.9212962962962963 0.8546875 0.10277777777777777 0.04583333333333333
0 0.9805555555555555 0.8708333333333333 0.03888888888888889 0.034895833333333334
0 0.975925925925926 0.790625 0.04722222222222222 0.0421875
