1 0.8190104166666666 0.49421296296296297 0.05078125 0.10185185185185185
1 0.970703125 0.39351851851851855 0.05859375 0.08912037037037036
0 0.2513020833333333 0.8807870370370371 0.095703125 0.1875
1 0.953125 0.1076388888888889 0.048828125 0.08101851851851852
0 0.10611979166666667 0.21180555555555555 0.053385416666666664 0.11226851851851852
1 0.9817708333333334 0.9826388888888888 0.036458333333333336 0.034722222222222224
1 0.8893229166666666 0.9039351851851852 0.061197916666666664 0.08796296296296297
1 0.8385416666666666 0.3298611111111111 0.048177083333333336 0.07060185185185185
1 0.8932291666666666 0.5833333333333334 0.056640625 0.05324074074074074
1 0.81640625 0.6608796296296297 0.052734375 0.04398148148148148
0 0.283203125 0.028935185185185185 0.07486979166666667 0.05787037037037037
0 0.041015625 0.061342592592592594 0.08268229166666667 0.12268518518518519
1 0.37890625 0.24768518518518517 0.032552083333333336 0.12268518518518519
1 0.21223958333333334 0.2465277777777778 0.076171875 0.10069444444444445
1 0.8541666666666666 0.041666666666666664 0.07291666666666667 0.08217592592592593
1 0.8600260416666666 0.9942129629629629 0.0234375 0.011574074074074073
1 0.044270833333333336 0.44675925925925924 0.045572916666666664 0.11458333333333333
1 0.826171875 0.8460648148148148 0.022786458333333332 0.10532407407407407
1 0.018880208333333332 0.7766203703703703 0.038411458333333336 0.11226851851851852
1 0.16145833333333334 0.5335648148148148 0.08072916666666667 0.17708333333333334
0 0.9811197916666666 0.03009259259259259 0.037760416666666664 0.06018518518518518
