1 0.47552083333333334 0.7462962962962963 0.08177083333333333 0.10740740740740741
1 0.3494791666666667 0.7972222222222223 0.096875 0.07777777777777778
1 0.7973958333333333 0.7861111111111111 0.057291666666666664 0.1398148148148148
1 0.4395833333333333 0.8787037037037037 0.059375 0.14444444444444443
1 0.6005208333333333 0.7564814814814815 0.04583333333333333 0.13333333333333333
1 0.14895833333333333 0.9611111111111111 0.10208333333333333 0.06481481481481481
1 0.20677083333333332 0.8157407407407408 0.04635416666666667 0.2101851851851852
1 0.9677083333333333 0.8453703703703703 0.06302083333333333 0.1638888888888889
1 0.6901041666666666 0.7462962962962963 0.09270833333333334 0.12314814814814815
1 0.9510416666666667 0.9787037037037037 0.03697916666666667 0.03611111111111111
