1 0.2537037037037037 0.47604166666666664 0.10833333333333334 0.08229166666666667
1 0.20277777777777778 0.3494791666666667 0.0787037037037037 0.09739583333333333
1 0.21388888888888888 0.7973958333333333 0.14074074074074075 0.0578125
1 0.12129629629629629 0.4395833333333333 0.14537037037037037 0.059895833333333336
1 0.24351851851851852 0.6005208333333333 0.13425925925925927 0.04635416666666667
1 0.03888888888888889 0.14895833333333333 0.06574074074074074 0.10260416666666666
1 0.18425925925925926 0.20729166666666668 0.2111111111111111 0.046875
1 0.15462962962962962 0.9682291666666667 0.1648148148148148 0.06354166666666666
1 0.2537037037037037 0.6901041666666666 0.12407407407407407 0.09322916666666667
1 0.021296296296296296 0.9515625 0.037037037037037035 0.0375
