1 0.6259259259259259 0.42552083333333335 0.12129629629629629 0.059375
1 0.6074074074074074 0.771875 0.21203703703703702 0.08489583333333334
0 0.5879629629629629 0.890625 0.16944444444444445 0.09114583333333333
1 0.8425925925925926 0.18541666666666667 0.1259259259259259 0.103125
1 0.5851851851851851 0.14583333333333334 0.07777777777777778 0.11510416666666666
1 0.8175925925925925 0.6833333333333333 0.09444444444444444 0.06614583333333333
1 0.662962962962963 0.6755208333333333 0.07777777777777778 0.10208333333333333
1 0.8675925925925926 0.9598958333333333 0.0962962962962963 0.078125
0 0.9592592592592593 0.9786458333333333 0.08055555555555556 0.0421875
1 0.9731481481481481 0.5390625 0.05 0.0609375
