1 0.425 0.37407407407407406 0.058854166666666666 0.12037037037037036
1 0.771875 0.3925925925925926 0.084375 0.2111111111111111
0 0.890625 0.41203703703703703 0.090625 0.1685185185185185
1 0.18489583333333334 0.1574074074074074 0.10260416666666666 0.125
1 0.14583333333333334 0.4148148148148148 0.11458333333333333 0.07685185185185185
1 0.6833333333333333 0.1824074074074074 0.065625 0.09351851851851851
1 0.675 0.337037037037037 0.1015625 0.07685185185185185
1 0.959375 0.13240740740740742 0.07760416666666667 0.09537037037037037
0 0.9786458333333333 0.03981481481481482 0.041666666666666664 0.08055555555555556
1 0.5390625 0.026851851851851852 0.06041666666666667 0.049074074074074076
