0 0.05 0.47708333333333336 0.09074074074074075 0.053125
1 0.05277777777777778 0.36302083333333335 0.06296296296296296 0.0640625
1 0.737037037037037 0.30625 0.10092592592592593 0.05364583333333333
0 0.09444444444444444 0.6255208333333333 0.08888888888888889 0.059895833333333336
1 0.9546296296296296 0.6973958333333333 0.06018518518518518 0.0515625
1 0.7185185185185186 0.39427083333333335 0.04814814814814815 0.049479166666666664
1 0.9398148148148148 0.7989583333333333 0.049074074074074076 0.04114583333333333
0 0.1175925925925926 0.5364583333333334 0.14444444444444443 0.059895833333333336
0 0.1259259259259259 0.8979166666666667 0.10740740740740741 0.06979166666666667
1 0.044444444444444446 0.7369791666666666 0.08796296296296297 0.04010416666666667
1 0.837037037037037 0.7010416666666667 0.07314814814814814 0.04479166666666667
1 0.9185185185185185 0.4083333333333333 0.08055555555555556 0.030729166666666665
1 0.1111111111111111 0.23802083333333332 0.09444444444444444 0.028125
1 0.9175925925925926 0.5401041666666667 0.075 0.04583333333333333
1 0.9027777777777778 0.1640625 0.1388888888888889 0.04739583333333333
1 0.6324074074074074 0.5682291666666667 0.062037037037037036 0.036458333333333336
1 0.8555555555555555 0.2296875 0.125 0.033854166666666664
0 0.09722222222222222 0.11510416666666666 0.05462962962962963 0.03177083333333333
1 0.6064814814814815 0.4171875 0.062037037037037036 0.03958333333333333
0 0.053703703703703705 0.0171875 0.05462962962962963 0.030208333333333334
1 0.6694444444444444 0.6833333333333333 0.049074074074074076 0.057291666666666664
1 0.7055555555555556 0.10052083333333334 0.041666666666666664 0.0765625
1 0.6861111111111111 0.21875 0.0824074074074074 0.033854166666666664
1 0.8333333333333334 0.50625 0.05462962962962963 0.071875
1 0.5953703703703703 0.775 0.08055555555555556 0.06770833333333333
1 0.9611111111111111 0.3307291666666667 0.07777777777777778 0.027083333333333334
1 0.7685185185185185 0.4890625 0.07592592592592592 0.0515625
1 0.812037037037037 0.6171875 0.062037037037037036 0.04739583333333333
1 0.6231481481481481 0.815625 0.06111111111111111 0.084375
1 0.8731481481481481 0.8859375 0.10555555555555556 0.03177083333333333
1 0.7490740740740741 0.8453125 0.09166666666666666 0.04895833333333333
1 0.8472222222222222 0.975 0.03888888888888889 0.0453125
