0 0.4765625 0.95 0.05260416666666667 0.08981481481481482
1 0.36302083333333335 0.9472222222222222 0.06354166666666666 0.062037037037037036
1 0.30625 0.26296296296296295 0.053125 0.1
0 0.6255208333333333 0.9055555555555556 0.059375 0.08796296296296297
1 0.6973958333333333 0.04537037037037037 0.051041666666666666 0.05925925925925926
1 0.39427083333333335 0.2814814814814815 0.04895833333333333 0.04722222222222222
1 0.7989583333333333 0.06018518518518518 0.040625 0.04814814814814815
0 0.5364583333333334 0.8824074074074074 0.059375 0.14351851851851852
0 0.8973958333333333 0.8740740740740741 0.06927083333333334 0.10648148148148148
1 0.7369791666666666 0.9555555555555556 0.03958333333333333 0.08703703703703704
1 0.7005208333333334 0.16296296296296298 0.044270833333333336 0.07222222222222222
1 0.4083333333333333 0.08148148148148149 0.030208333333333334 0.07962962962962963
1 0.2375 0.8888888888888888 0.027604166666666666 0.09351851851851851
1 0.5395833333333333 0.0824074074074074 0.0453125 0.07407407407407407
1 0.1640625 0.09722222222222222 0.046875 0.13796296296296295
1 0.5677083333333334 0.3675925925925926 0.0359375 0.06111111111111111
1 0.2296875 0.14444444444444443 0.03333333333333333 0.12407407407407407
0 0.11510416666666666 0.9027777777777778 0.03125 0.053703703703703705
1 0.4166666666666667 0.39351851851851855 0.0390625 0.06111111111111111
0 0.016666666666666666 0.9462962962962963 0.0296875 0.053703703703703705
1 0.6828125 0.33055555555555555 0.05677083333333333 0.04814814814814815
1 0.10052083333333334 0.29444444444444445 0.07604166666666666 0.040740740740740744
1 0.21875 0.3138888888888889 0.03333333333333333 0.08148148148148149
1 0.5057291666666667 0.16666666666666666 0.07135416666666666 0.053703703703703705
1 0.7744791666666667 0.4046296296296296 0.0671875 0.07962962962962963
1 0.3302083333333333 0.03888888888888889 0.0265625 0.07685185185185185
1 0.4890625 0.23148148148148148 0.051041666666666666 0.075
1 0.6171875 0.18796296296296297 0.046875 0.06111111111111111
1 0.8151041666666666 0.3768518518518518 0.08385416666666666 0.06018518518518518
1 0.8859375 0.12685185185185185 0.03125 0.10462962962962963
1 0.8447916666666667 0.25092592592592594 0.0484375 0.09074074074074075
1 0.975 0.1527777777777778 0.04479166666666667 0.03796296296296296
