1 0.3828125 0.3287037037037037 0.06705729166666667 0.1261574074074074
1 0.8717447916666666 0.056712962962962965 0.064453125 0.07523148148148148
1 0.4928385416666667 0.35300925925925924 0.061848958333333336 0.06018518518518518
1 0.986328125 0.07523148148148148 0.026692708333333332 0.061342592592592594
1 0.8763020833333334 0.2037037037037037 0.055989583333333336 0.09143518518518519
1 0.5104166666666666 0.10185185185185185 0.038411458333333336 0.10069444444444445
1 0.6751302083333334 0.10300925925925926 0.057291666666666664 0.09375
1 0.205078125 0.12268518518518519 0.059244791666666664 0.1736111111111111
1 0.7102864583333334 0.45949074074074076 0.045572916666666664 0.0775462962962963
1 0.287109375 0.18055555555555555 0.042317708333333336 0.15625
1 0.521484375 0.49189814814814814 0.049479166666666664 0.0775462962962963
1 0.8541666666666666 0.4131944444444444 0.07161458333333333 0.061342592592592594
1 0.12565104166666666 0.3680555555555556 0.095703125 0.052083333333333336
1 0.2734375 0.3923611111111111 0.042317708333333336 0.10300925925925926
1 0.6328125 0.20833333333333334 0.08984375 0.06828703703703703
1 0.962890625 0.5057870370370371 0.07356770833333333 0.10069444444444445
1 0.4134114583333333 0.04976851851851852 0.033854166666666664 0.09722222222222222
1 0.611328125 0.29050925925925924 0.064453125 0.09490740740740741
1 0.771484375 0.2349537037037037 0.059244791666666664 0.0775462962962963
1 0.9830729166666666 0.4722222222222222 0.033203125 0.0763888888888889
