1 0.965625 0.6648148148148149 0.0671875 0.07685185185185185
1 0.16041666666666668 0.18425925925925926 0.05 0.07685185185185185
1 0.34322916666666664 0.7157407407407408 0.05 0.09722222222222222
1 0.3260416666666667 0.3537037037037037 0.03802083333333333 0.15925925925925927
1 0.8458333333333333 0.5407407407407407 0.051041666666666666 0.13518518518518519
1 0.014583333333333334 0.6018518518518519 0.0296875 0.11481481481481481
1 0.7875 0.36018518518518516 0.0265625 0.13425925925925927
1 0.7520833333333333 0.5953703703703703 0.024479166666666666 0.10925925925925926
1 0.17708333333333334 0.5370370370370371 0.020833333333333332 0.09444444444444444
1 0.04635416666666667 0.7685185185185185 0.020833333333333332 0.14351851851851852
1 0.796875 0.7833333333333333 0.07864583333333333 0.07962962962962963
1 0.8869791666666667 0.4601851851851852 0.06354166666666666 0.06851851851851852
1 0.915625 0.2898148148148148 0.0609375 0.05648148148148148
1 0.9119791666666667 0.03148148148148148 0.06302083333333333 0.06296296296296296
1 0.024479166666666666 0.12407407407407407 0.049479166666666664 0.05740740740740741
1 0.784375 0.19166666666666668 0.058854166666666666 0.1037037037037037
1 0.15677083333333333 0.7212962962962963 0.07552083333333333 0.06018518518518518
1 0.9609375 0.09259259259259259 0.0359375 0.13796296296296295
1 0.01875 0.25833333333333336 0.0375 0.08703703703703704
1 0.9453125 0.7898148148148149 0.084375 0.06296296296296296
1 0.3572916666666667 0.19537037037037036 0.10729166666666666 0.08148148148148149
1 0.030208333333333334 0.9768518518518519 0.06041666666666667 0.04537037037037037
