1 0.20052083333333334 0.23148148148148148 0.06315104166666667 0.09722222222222222
1 0.4290364583333333 0.8958333333333334 0.06315104166666667 0.12268518518518519
1 0.408203125 0.44212962962962965 0.048177083333333336 0.20023148148148148
1 0.018880208333333332 0.7523148148148148 0.037760416666666664 0.14467592592592593
1 0.9837239583333334 0.4513888888888889 0.031901041666666664 0.16898148148148148
1 0.9407552083333334 0.7442129629629629 0.03125 0.13773148148148148
1 0.22135416666666666 0.6712962962962963 0.026692708333333332 0.11921296296296297
1 0.057942708333333336 0.9351851851851852 0.026692708333333332 0.1284722222222222
1 0.9733072916666666 0.9641203703703703 0.052734375 0.07060185185185185
1 0.03125 0.1550925925925926 0.0625 0.07291666666666667
1 0.9720052083333334 0.23958333333333334 0.055989583333333336 0.13078703703703703
1 0.19661458333333334 0.9027777777777778 0.09505208333333333 0.0763888888888889
1 0.0234375 0.3229166666666667 0.047526041666666664 0.1099537037037037
1 0.4466145833333333 0.24421296296296297 0.134765625 0.10300925925925926
