1 0.3351851851851852 0.9661458333333334 0.07777777777777778 0.06770833333333333
1 0.8157407407407408 0.16041666666666668 0.07777777777777778 0.050520833333333334
1 0.28425925925925927 0.34322916666666664 0.09814814814814815 0.050520833333333334
1 0.6462962962962963 0.3265625 0.16018518518518518 0.03854166666666667
1 0.45925925925925926 0.8458333333333333 0.1361111111111111 0.0515625
1 0.39814814814814814 0.015104166666666667 0.11574074074074074 0.030208333333333334
1 0.6398148148148148 0.7880208333333333 0.13518518518518519 0.027083333333333334
1 0.4046296296296296 0.7526041666666666 0.11018518518518519 0.025
1 0.46296296296296297 0.17708333333333334 0.09537037037037037 0.021354166666666667
1 0.23148148148148148 0.04635416666666667 0.14444444444444443 0.021354166666666667
1 0.21666666666666667 0.7973958333333333 0.08055555555555556 0.07916666666666666
1 0.5398148148148149 0.8869791666666667 0.06944444444444445 0.0640625
1 0.7101851851851851 0.9161458333333333 0.05740740740740741 0.06145833333333333
1 0.9685185185185186 0.9125 0.06296296296296296 0.06354166666666666
1 0.8759259259259259 0.025 0.058333333333333334 0.05
1 0.8083333333333333 0.7848958333333333 0.10462962962962963 0.059375
1 0.27870370370370373 0.15729166666666666 0.06111111111111111 0.07604166666666666
1 0.9074074074074074 0.9614583333333333 0.1388888888888889 0.036458333333333336
1 0.7416666666666667 0.01875 0.08796296296296297 0.03802083333333333
1 0.2101851851851852 0.9453125 0.06388888888888888 0.08489583333333334
1 0.8046296296296296 0.3572916666666667 0.0824074074074074 0.1078125
1 0.023148148148148147 0.030208333333333334 0.04537037037037037 0.0609375
