0 0.8802083333333334 0.12384259259259259 0.08072916666666667 0.1423611111111111
1 0.8118489583333334 0.78125 0.08268229166666667 0.09143518518518519
1 0.259765625 0.6412037037037037 0.09114583333333333 0.13194444444444445
1 0.8580729166666666 0.43287037037037035 0.050130208333333336 0.1574074074074074
1 0.051432291666666664 0.5972222222222222 0.09244791666666667 0.08449074074074074
1 0.10611979166666667 0.3715277777777778 0.07552083333333333 0.08217592592592593
1 0.99609375 0.2152777777777778 0.0078125 0.08912037037037036
1 0.15234375 0.8576388888888888 0.10872395833333333 0.1099537037037037
1 0.2747395833333333 0.3923611111111111 0.052734375 0.15856481481481483
1 0.10677083333333333 0.9907407407407407 0.11263020833333333 0.017361111111111112
1 0.3040364583333333 0.8831018518518519 0.076171875 0.08564814814814815
1 0.376953125 0.32407407407407407 0.057291666666666664 0.11689814814814815
1 0.177734375 0.09837962962962964 0.052083333333333336 0.16550925925925927
1 0.24348958333333334 0.1527777777777778 0.07096354166666667 0.10185185185185185
1 0.3294270833333333 0.9189814814814815 0.06510416666666667 0.13078703703703703
