0 0.9009259259259259 0.7041666666666667 0.11388888888888889 0.06458333333333334
0 0.2388888888888889 0.884375 0.21388888888888888 0.1015625
1 0.375 0.6494791666666667 0.07314814814814814 0.06614583333333333
1 0.487962962962963 0.2078125 0.10555555555555556 0.07291666666666667
0 0.9638888888888889 0.9005208333333333 0.0712962962962963 0.057291666666666664
1 0.6546296296296297 0.6864583333333333 0.1259259259259259 0.04010416666666667
1 0.5222222222222223 0.04114583333333333 0.06759259259259259 0.07395833333333333
0 0.10555555555555556 0.6557291666666667 0.07222222222222222 0.0359375
1 0.7027777777777777 0.08489583333333334 0.06574074074074074 0.06041666666666667
1 0.8277777777777777 0.8328125 0.0712962962962963 0.07864583333333333
1 0.05462962962962963 0.22760416666666666 0.10833333333333334 0.036458333333333336
1 0.3138888888888889 0.121875 0.08796296296296297 0.08697916666666666
1 0.6861111111111111 0.21979166666666666 0.12685185185185185 0.0421875
1 0.1574074074074074 0.08541666666666667 0.11388888888888889 0.09010416666666667
0 0.5166666666666667 0.9822916666666667 0.13425925925925927 0.033854166666666664
1 0.29444444444444445 0.24322916666666666 0.06851851851851852 0.0609375
1 0.7407407407407407 0.3015625 0.09351851851851851 0.04583333333333333
1 0.9212962962962963 0.1421875 0.13240740740740742 0.041666666666666664
1 0.8472222222222222 0.9869791666666666 0.14814814814814814 0.025520833333333333
1 0.8787037037037037 0.19479166666666667 0.08148148148148149 0.05677083333333333
1 0.26481481481481484 0.2635416666666667 0.10462962962962963 0.052083333333333336
