0 0.7036458333333333 0.09907407407407408 0.0640625 0.11296296296296296
0 0.884375 0.7611111111111111 0.10104166666666667 0.21296296296296297
1 0.6494791666666667 0.625 0.065625 0.07222222222222222
1 0.20729166666666668 0.5120370370370371 0.07239583333333334 0.10462962962962963
0 0.9 0.03518518518518519 0.05677083333333333 0.0712962962962963
1 0.6864583333333333 0.3453703703703704 0.03958333333333333 0.125
1 0.040625 0.4777777777777778 0.0734375 0.06666666666666667
0 0.6557291666666667 0.8944444444444445 0.035416666666666666 0.0712962962962963
1 0.084375 0.2972222222222222 0.059895833333333336 0.06481481481481481
1 0.8328125 0.17222222222222222 0.078125 0.07037037037037037
1 0.22708333333333333 0.9453703703703704 0.0359375 0.10740740740740741
1 0.121875 0.6861111111111111 0.08645833333333333 0.08703703703703704
1 0.21979166666666666 0.3138888888888889 0.041666666666666664 0.1259259259259259
1 0.08541666666666667 0.8425925925925926 0.08958333333333333 0.11296296296296296
0 0.9822916666666667 0.48333333333333334 0.03333333333333333 0.13333333333333333
1 0.24322916666666666 0.7055555555555556 0.06041666666666667 0.06759259259259259
1 0.30104166666666665 0.25925925925925924 0.0453125 0.09259259259259259
1 0.14166666666666666 0.0787037037037037 0.04114583333333333 0.13148148148148148
1 0.9869791666666666 0.1527777777777778 0.025 0.14722222222222223
1 0.19479166666666667 0.12129629629629629 0.05625 0.08055555555555556
1 0.2630208333333333 0.7351851851851852 0.0515625 0.1037037037037037
