0 0.09537037037037037 0.32864583333333336 0.07777777777777778 0.049479166666666664
1 0.9435185185185185 0.2859375 0.06944444444444445 0.04479166666666667
1 0.03888888888888889 0.8088541666666667 0.07407407407407407 0.049479166666666664
1 0.027777777777777776 0.9786458333333333 0.044444444444444446 0.04114583333333333
1 0.9638888888888889 0.48802083333333335 0.05 0.06927083333333334
1 0.06111111111111111 0.5614583333333333 0.12129629629629629 0.04791666666666667
1 0.8861111111111111 0.584375 0.09907407407407408 0.028645833333333332
1 0.9666666666666667 0.37083333333333335 0.05740740740740741 0.04583333333333333
0 0.03425925925925926 0.08697916666666666 0.05925925925925926 0.0484375
1 0.9555555555555556 0.7630208333333334 0.08888888888888889 0.03229166666666667
1 0.7101851851851851 0.171875 0.09814814814814815 0.030729166666666665
1 0.6824074074074075 0.5395833333333333 0.06944444444444445 0.0421875
1 0.8240740740740741 0.2916666666666667 0.044444444444444446 0.05520833333333333
1 0.6842592592592592 0.6208333333333333 0.040740740740740744 0.06302083333333333
1 0.737037037037037 0.04583333333333333 0.11666666666666667 0.06927083333333334
1 0.8435185185185186 0.6645833333333333 0.09259259259259259 0.022916666666666665
1 0.7898148148148149 0.7067708333333333 0.044444444444444446 0.06145833333333333
1 0.01574074074074074 0.6395833333333333 0.030555555555555555 0.06822916666666666
1 0.6990740740740741 0.3411458333333333 0.10092592592592593 0.020833333333333332
1 0.8175925925925925 0.196875 0.04351851851851852 0.024479166666666666
1 0.975 0.12291666666666666 0.04259259259259259 0.030729166666666665
1 0.6342592592592593 0.734375 0.03796296296296296 0.05625
1 0.8805555555555555 0.10520833333333333 0.125 0.05364583333333333
1 0.7314814814814815 0.44583333333333336 0.09907407407407408 0.021875
1 0.7138888888888889 0.8239583333333333 0.10648148148148148 0.04479166666666667
1 0.9305555555555556 0.8286458333333333 0.11851851851851852 0.049479166666666664
