1 0.357421875 0.07060185185185185 0.055989583333333336 0.08680555555555555
1 0.6100260416666666 0.046296296296296294 0.08658854166666667 0.0625
1 0.73046875 0.1423611111111111 0.035807291666666664 0.12384259259259259
1 0.4635416666666667 0.04282407407407408 0.057291666666666664 0.07175925925925926
1 0.9537760416666666 0.056712962962962965 0.040364583333333336 0.1111111111111111
1 0.21484375 0.36342592592592593 0.038411458333333336 0.12268518518518519
1 0.6744791666666666 0.39699074074074076 0.052734375 0.08680555555555555
1 0.3645833333333333 0.22106481481481483 0.06901041666666667 0.05555555555555555
1 0.7760416666666666 0.3958333333333333 0.07877604166666667 0.05092592592592592
1 0.057291666666666664 0.3298611111111111 0.08658854166666667 0.14583333333333334
1 0.8307291666666666 0.19675925925925927 0.028645833333333332 0.11574074074074074
1 0.8834635416666666 0.2638888888888889 0.07682291666666667 0.05555555555555555
1 0.4264322916666667 0.3761574074074074 0.026041666666666668 0.1261574074074074
1 0.24609375 0.22800925925925927 0.030598958333333332 0.05439814814814815
1 0.15364583333333334 0.032407407407407406 0.038411458333333336 0.05324074074074074
1 0.91796875 0.45717592592592593 0.0703125 0.047453703703703706
1 0.13151041666666666 0.14930555555555555 0.06705729166666667 0.15625
1 0.5572916666666666 0.33564814814814814 0.02734375 0.12384259259259259
