0 0.32864583333333336 0.9046296296296297 0.04895833333333333 0.07685185185185185
1 0.28541666666666665 0.05648148148148148 0.044270833333333336 0.06851851851851852
1 0.8088541666666667 0.9611111111111111 0.04895833333333333 0.07314814814814814
1 0.9786458333333333 0.9722222222222222 0.040625 0.04351851851851852
1 0.48802083333333335 0.03611111111111111 0.06875 0.049074074074074076
1 0.5609375 0.9388888888888889 0.04739583333333333 0.12037037037037036
1 0.584375 0.11388888888888889 0.028125 0.09814814814814815
1 0.3703125 0.03333333333333333 0.0453125 0.05648148148148148
0 0.08697916666666666 0.9657407407407408 0.04791666666666667 0.058333333333333334
1 0.7625 0.044444444444444446 0.03177083333333333 0.08796296296296297
1 0.171875 0.2898148148148148 0.030208333333333334 0.09722222222222222
1 0.5395833333333333 0.3175925925925926 0.041666666666666664 0.06851851851851852
1 0.2911458333333333 0.17592592592592593 0.0546875 0.04351851851851852
1 0.6208333333333333 0.31574074074074077 0.0625 0.03981481481481482
1 0.04583333333333333 0.26296296296296295 0.06875 0.11574074074074074
1 0.6640625 0.15648148148148147 0.022395833333333334 0.09166666666666666
1 0.70625 0.2101851851851852 0.0609375 0.04351851851851852
1 0.6395833333333333 0.9842592592592593 0.06770833333333333 0.02962962962962963
1 0.340625 0.30092592592592593 0.0203125 0.1
1 0.196875 0.1824074074074074 0.023958333333333335 0.04259259259259259
1 0.12291666666666666 0.025 0.030208333333333334 0.041666666666666664
1 0.7338541666666667 0.36574074074074076 0.05572916666666667 0.037037037037037035
1 0.10520833333333333 0.11944444444444445 0.053125 0.12407407407407407
1 0.4453125 0.26851851851851855 0.021354166666666667 0.09814814814814815
1 0.8234375 0.2861111111111111 0.044270833333333336 0.10555555555555556
1 0.8286458333333333 0.06944444444444445 0.04895833333333333 0.1175925925925926
