1 0.4185185185185185 0.3578125 0.09351851851851851 0.07447916666666667
1 0.5138888888888888 0.24895833333333334 0.16018518518518518 0.0703125
1 0.5046296296296297 0.6229166666666667 0.1361111111111111 0.04635416666666667
1 0.11296296296296296 0.21875 0.10833333333333334 0.0828125
1 0.2574074074074074 0.6807291666666667 0.09259259259259259 0.08333333333333333
1 0.6148148148148148 0.175 0.12314814814814815 0.03125
1 0.4009259259259259 0.203125 0.1388888888888889 0.03802083333333333
1 0.75 0.39010416666666664 0.07962962962962963 0.04114583333333333
0 0.9546296296296296 0.5130208333333334 0.08981481481481482 0.0359375
1 0.6472222222222223 0.5619791666666667 0.10740740740740741 0.05677083333333333
1 0.8166666666666667 0.190625 0.06666666666666667 0.065625
0 0.9462962962962963 0.2598958333333333 0.07685185185185185 0.04583333333333333
0 0.9657407407407408 0.6260416666666667 0.06851851851851852 0.042708333333333334
1 0.04351851851851852 0.49635416666666665 0.08518518518518518 0.030208333333333334
