1 0.447265625 0.7268518518518519 0.09309895833333333 0.11689814814814815
1 0.3111979166666667 0.6076388888888888 0.087890625 0.20023148148148148
1 0.7786458333333334 0.6192129629629629 0.057942708333333336 0.1701388888888889
1 0.8509114583333334 0.9293981481481481 0.10416666666666667 0.11574074074074074
1 0.21875 0.48148148148148145 0.0390625 0.15393518518518517
1 0.25390625 0.75 0.047526041666666664 0.1736111111111111
1 0.4876302083333333 0.3136574074074074 0.051432291666666664 0.09953703703703703
0 0.6412760416666666 0.056712962962962965 0.044921875 0.11226851851851852
1 0.7024739583333334 0.44212962962962965 0.07096354166666667 0.13425925925925927
1 0.23828125 0.23032407407407407 0.08203125 0.08333333333333333
0 0.3248697916666667 0.06712962962962964 0.057291666666666664 0.09606481481481481
0 0.7825520833333334 0.04282407407407408 0.053385416666666664 0.08680555555555555
