1 0.3578125 0.5814814814814815 0.07395833333333333 0.09259259259259259
1 0.24895833333333334 0.4861111111111111 0.06979166666666667 0.15925925925925927
1 0.6229166666666667 0.49537037037037035 0.04583333333333333 0.13518518518518519
1 0.21875 0.8870370370370371 0.08229166666666667 0.10740740740740741
1 0.6802083333333333 0.7425925925925926 0.0828125 0.09166666666666666
1 0.17447916666666666 0.3851851851851852 0.030729166666666665 0.12222222222222222
1 0.203125 0.5990740740740741 0.0375 0.13796296296296295
1 0.39010416666666664 0.25 0.040625 0.0787037037037037
0 0.5130208333333334 0.04537037037037037 0.035416666666666666 0.08888888888888889
1 0.5619791666666667 0.3527777777777778 0.05625 0.10648148148148148
1 0.19010416666666666 0.18333333333333332 0.06510416666666667 0.06574074074074074
0 0.259375 0.053703703703703705 0.0453125 0.07592592592592592
0 0.6255208333333333 0.03425925925925926 0.0421875 0.06851851851851852
1 0.49583333333333335 0.9574074074074074 0.0296875 0.08518518518518518
