0 0.8026041666666667 0.5953703703703703 0.1171875 0.1638888888888889
0 0.6802083333333333 0.4351851851851852 0.07604166666666666 0.1574074074074074
0 0.6005208333333333 0.1712962962962963 0.0546875 0.10555555555555556
0 0.41041666666666665 0.5805555555555556 0.090625 0.16574074074074074
0 0.47760416666666666 0.18425925925925926 0.071875 0.14351851851851852
0 0.421875 0.9101851851851852 0.08541666666666667 0.13796296296296295
0 0.63125 0.7675925925925926 0.08541666666666667 0.1925925925925926
0 0.7479166666666667 0.8583333333333333 0.08802083333333334 0.1388888888888889
0 0.5848958333333333 0.4444444444444444 0.06666666666666667 0.15
0 0.7802083333333333 0.28703703703703703 0.1234375 0.11944444444444445
0 0.3453125 0.28703703703703703 0.07447916666666667 0.12962962962962962
0 0.2604166666666667 0.8648148148148148 0.06822916666666666 0.16296296296296298
0 0.34791666666666665 0.021296296296296296 0.08385416666666666 0.04351851851851852
1 0.5182291666666666 0.046296296296296294 0.021354166666666667 0.09166666666666666
