0 0.96484375 0.7453703703703703 0.06966145833333333 0.20601851851851852
0 0.8502604166666666 0.5439814814814815 0.095703125 0.19791666666666666
0 0.7513020833333334 0.21412037037037038 0.06901041666666667 0.13310185185185186
0 0.5130208333333334 0.7268518518518519 0.11393229166666667 0.20833333333333334
0 0.5970052083333334 0.23148148148148148 0.09049479166666667 0.18055555555555555
0 0.7890625 0.9189814814814815 0.107421875 0.16087962962962962
0 0.935546875 0.9930555555555556 0.11067708333333333 0.013888888888888888
0 0.7311197916666666 0.5555555555555556 0.083984375 0.1886574074074074
0 0.94921875 0.3599537037037037 0.1015625 0.15046296296296297
0 0.4322916666666667 0.3587962962962963 0.09375 0.16319444444444445
0 0.326171875 0.9895833333333334 0.0859375 0.020833333333333332
0 0.435546875 0.027777777777777776 0.10546875 0.05555555555555555
1 0.6484375 0.059027777777777776 0.02734375 0.11574074074074074
