0 0.4046296296296296 0.803125 0.1648148148148148 0.11770833333333333
0 0.5648148148148148 0.6802083333333333 0.15833333333333333 0.0765625
0 0.8287037037037037 0.6010416666666667 0.10648148148148148 0.05520833333333333
0 0.41944444444444445 0.41041666666666665 0.16666666666666666 0.09114583333333333
0 0.8157407407407408 0.47760416666666666 0.14444444444444443 0.07239583333333334
0 0.08981481481481482 0.421875 0.1388888888888889 0.0859375
0 0.2324074074074074 0.63125 0.1935185185185185 0.0859375
0 0.14166666666666666 0.7484375 0.1398148148148148 0.08854166666666667
0 0.5555555555555556 0.5848958333333333 0.15092592592592594 0.0671875
0 0.7129629629629629 0.7807291666666667 0.12037037037037036 0.12395833333333334
0 0.7129629629629629 0.3458333333333333 0.13055555555555556 0.075
0 0.13518518518518519 0.2609375 0.1638888888888889 0.06875
0 0.9777777777777777 0.3484375 0.04351851851851852 0.084375
1 0.9537037037037037 0.51875 0.09259259259259259 0.021875
