0 0.8911458333333333 0.4583333333333333 0.06875 0.12962962962962962
0 0.7359375 0.32314814814814813 0.06458333333333334 0.10925925925925926
0 0.6848958333333334 0.12407407407407407 0.052083333333333336 0.08981481481481482
0 0.7744791666666667 0.05740740740740741 0.05520833333333333 0.10092592592592593
0 0.3015625 0.1037037037037037 0.04375 0.10277777777777777
0 0.9703125 0.5287037037037037 0.0578125 0.09166666666666666
0 0.16875 0.6351851851851852 0.07083333333333333 0.10462962962962963
0 0.9177083333333333 0.2361111111111111 0.05364583333333333 0.11296296296296296
0 0.9755208333333333 0.7305555555555555 0.04739583333333333 0.11296296296296296
0 0.7473958333333334 0.5444444444444444 0.071875 0.09722222222222222
0 0.6317708333333333 0.5157407407407407 0.06041666666666667 0.12129629629629629
0 0.859375 0.05277777777777778 0.03802083333333333 0.0712962962962963
0 0.7520833333333333 0.7722222222222223 0.07135416666666666 0.1
0 0.8520833333333333 0.23425925925925925 0.0453125 0.10185185185185185
0 0.3125 0.687037037037037 0.06770833333333333 0.10740740740740741
0 0.07552083333333333 0.5601851851851852 0.071875 0.11018518518518519
0 0.9833333333333333 0.3509259259259259 0.030729166666666665 0.0824074074074074
0 0.8671875 0.7611111111111111 0.06614583333333333 0.08148148148148149
1 0.96875 0.13518518518518519 0.06145833333333333 0.053703703703703705
1 0.12604166666666666 0.2898148148148148 0.04791666666666667 0.08055555555555556
1 0.29635416666666664 0.2814814814814815 0.06197916666666667 0.06296296296296296
1 0.1609375 0.48333333333333334 0.04895833333333333 0.10092592592592593
