0 0.919921875 0.4039351851851852 0.08138020833333333 0.13773148148148148
0 0.8561197916666666 0.15625 0.06575520833333333 0.11342592592592593
0 0.966796875 0.07291666666666667 0.06640625 0.12731481481481483
0 0.376953125 0.13078703703703703 0.055338541666666664 0.12962962962962962
0 0.2109375 0.7951388888888888 0.08919270833333333 0.13194444444444445
0 0.9342447916666666 0.6817129629629629 0.09049479166666667 0.12268518518518519
0 0.7897135416666666 0.6458333333333334 0.076171875 0.1527777777777778
0 0.9407552083333334 0.9513888888888888 0.08984375 0.09722222222222222
0 0.390625 0.8587962962962963 0.08528645833333333 0.13541666666666666
0 0.09440104166666667 0.7013888888888888 0.09049479166666667 0.1388888888888889
1 0.15755208333333334 0.36342592592592593 0.060546875 0.10185185185185185
1 0.37109375 0.35185185185185186 0.078125 0.0798611111111111
1 0.201171875 0.6053240740740741 0.061848958333333336 0.12731481481481483
