0 0.5416666666666666 0.8911458333333333 0.13055555555555556 0.06927083333333334
0 0.6768518518518518 0.7359375 0.11018518518518519 0.06510416666666667
0 0.8759259259259259 0.6848958333333334 0.09074074074074075 0.05260416666666667
0 0.9425925925925925 0.7744791666666667 0.10185185185185185 0.05572916666666667
0 0.8962962962962963 0.3015625 0.1037037037037037 0.044270833333333336
0 0.47129629629629627 0.9708333333333333 0.09259259259259259 0.058333333333333334
0 0.3648148148148148 0.16875 0.10555555555555556 0.07135416666666666
0 0.7638888888888888 0.9182291666666667 0.11388888888888889 0.05416666666666667
0 0.26944444444444443 0.9760416666666667 0.11388888888888889 0.04791666666666667
0 0.45555555555555555 0.7473958333333334 0.09814814814814815 0.07239583333333334
0 0.4842592592592593 0.6317708333333333 0.12222222222222222 0.0609375
0 0.9472222222222222 0.8598958333333333 0.07222222222222222 0.03854166666666667
0 0.22777777777777777 0.7526041666666666 0.10092592592592593 0.071875
0 0.7657407407407407 0.8526041666666667 0.10277777777777777 0.04583333333333333
0 0.31296296296296294 0.3125 0.10833333333333334 0.06822916666666666
0 0.4398148148148148 0.07552083333333333 0.1111111111111111 0.07239583333333334
0 0.649074074074074 0.9838541666666667 0.08333333333333333 0.03125
0 0.2388888888888889 0.8677083333333333 0.0824074074074074 0.06666666666666667
1 0.8648148148148148 0.96875 0.05462962962962963 0.06197916666666667
1 0.7101851851851851 0.12604166666666666 0.08148148148148149 0.0484375
1 0.7185185185185186 0.296875 0.06388888888888888 0.0625
1 0.5166666666666667 0.1609375 0.10185185185185185 0.049479166666666664
