0 0.809375 0.39814814814814814 0.1 0.11851851851851852
0 0.9755208333333333 0.6759259259259259 0.04791666666666667 0.10833333333333334
0 0.9677083333333333 0.25277777777777777 0.0609375 0.09722222222222222
0 0.9828125 0.10555555555555556 0.03229166666666667 0.11388888888888889
1 0.2526041666666667 0.18611111111111112 0.05260416666666667 0.08611111111111111
1 0.2989583333333333 0.2962962962962963 0.021354166666666667 0.09259259259259259
1 0.12604166666666666 0.11296296296296296 0.046875 0.05185185185185185
1 0.096875 0.35462962962962963 0.051041666666666666 0.06574074074074074
1 0.019270833333333334 0.30092592592592593 0.03854166666666667 0.06388888888888888
1 0.32708333333333334 0.47962962962962963 0.06614583333333333 0.05740740740740741
1 0.32083333333333336 0.6898148148148148 0.0203125 0.10185185185185185
1 0.19427083333333334 0.6509259259259259 0.029166666666666667 0.11388888888888889
1 0.06197916666666667 0.6648148148148149 0.028125 0.09814814814814815
1 0.7125 0.17037037037037037 0.058854166666666666 0.046296296296296294
1 0.7635416666666667 0.7601851851851852 0.05416666666666667 0.09166666666666666
