0 0.974609375 0.4976851851851852 0.05078125 0.14930555555555555
1 0.31640625 0.2337962962962963 0.06640625 0.1087962962962963
1 0.3743489583333333 0.37037037037037035 0.02734375 0.11689814814814815
1 0.15755208333333334 0.1412037037037037 0.059244791666666664 0.06597222222222222
1 0.12109375 0.4444444444444444 0.064453125 0.08333333333333333
1 0.024088541666666668 0.3773148148148148 0.048828125 0.08101851851851852
1 0.4095052083333333 0.5995370370370371 0.08333333333333333 0.07291666666666667
1 0.4016927083333333 0.8622685185185185 0.026041666666666668 0.1284722222222222
1 0.24283854166666666 0.8148148148148148 0.037109375 0.14351851851851852
1 0.07747395833333333 0.8310185185185185 0.035807291666666664 0.12384259259259259
1 0.8912760416666666 0.21296296296296297 0.07421875 0.059027777777777776
1 0.9544270833333334 0.9467592592592593 0.068359375 0.10648148148148148
