0 0.6018518518518519 0.809375 0.11944444444444445 0.10052083333333334
0 0.32407407407407407 0.9755208333333333 0.10925925925925926 0.0484375
0 0.7472222222222222 0.9682291666666667 0.09814814814814815 0.06145833333333333
0 0.8944444444444445 0.9828125 0.11481481481481481 0.0328125
1 0.8138888888888889 0.253125 0.08703703703703704 0.053125
1 0.7037037037037037 0.2994791666666667 0.09351851851851851 0.021875
1 0.8870370370370371 0.12604166666666666 0.05277777777777778 0.04739583333333333
1 0.6453703703703704 0.096875 0.06666666666666667 0.0515625
1 0.6990740740740741 0.019270833333333334 0.06481481481481481 0.0390625
1 0.5203703703703704 0.32760416666666664 0.058333333333333334 0.06666666666666667
1 0.3101851851851852 0.32135416666666666 0.10277777777777777 0.020833333333333332
1 0.3490740740740741 0.19427083333333334 0.11481481481481481 0.0296875
1 0.3351851851851852 0.06197916666666667 0.09907407407407408 0.028645833333333332
1 0.8296296296296296 0.7130208333333333 0.04722222222222222 0.059375
1 0.23981481481481481 0.7635416666666667 0.09259259259259259 0.0546875
