0 0.725925925925926 0.19427083333333334 0.13703703703703704 0.08072916666666667
0 0.5925925925925926 0.0546875 0.1175925925925926 0.08489583333333334
0 0.31851851851851853 0.21302083333333333 0.09722222222222222 0.0609375
1 0.3314814814814815 0.30520833333333336 0.13148148148148148 0.0453125
1 0.899074074074074 0.8739583333333333 0.07777777777777778 0.033854166666666664
1 0.37037037037037035 0.9255208333333333 0.12962962962962962 0.0296875
1 0.6675925925925926 0.7223958333333333 0.1037037037037037 0.027083333333333334
1 0.40555555555555556 0.7979166666666667 0.12407407407407407 0.028125
0 0.2759259259259259 0.7421875 0.05648148148148148 0.049479166666666664
1 0.4722222222222222 0.13802083333333334 0.05462962962962963 0.06302083333333333
0 0.875 0.2328125 0.13240740740740742 0.052083333333333336
1 0.7824074074074074 0.7546875 0.07037037037037037 0.04739583333333333
1 0.8351851851851851 0.6947916666666667 0.09537037037037037 0.021875
1 0.2712962962962963 0.0203125 0.09074074074074075 0.04114583333333333
1 0.975 0.11458333333333333 0.049074074074074076 0.05364583333333333
1 0.6907407407407408 0.8375 0.05925925925925926 0.06458333333333334
1 0.4666666666666667 0.7229166666666667 0.05185185185185185 0.07135416666666666
