0 0.19427083333333334 0.2740740740740741 0.08020833333333334 0.1361111111111111
0 0.0546875 0.4074074074074074 0.084375 0.11666666666666667
0 0.21302083333333333 0.6814814814814815 0.06041666666666667 0.0962962962962963
1 0.30520833333333336 0.6685185185185185 0.04479166666666667 0.13055555555555556
1 0.8739583333333333 0.10092592592592593 0.03333333333333333 0.07685185185185185
1 0.9255208333333333 0.6296296296296297 0.029166666666666667 0.1287037037037037
1 0.721875 0.33240740740740743 0.0265625 0.10277777777777777
1 0.7973958333333333 0.5944444444444444 0.027604166666666666 0.12314814814814815
0 0.7421875 0.7240740740740741 0.04895833333333333 0.05555555555555555
1 0.13802083333333334 0.5277777777777778 0.0625 0.053703703703703705
0 0.23229166666666667 0.125 0.0515625 0.13148148148148148
1 0.7546875 0.2175925925925926 0.046875 0.06944444444444445
1 0.6942708333333333 0.1648148148148148 0.021354166666666667 0.09444444444444444
1 0.0203125 0.7287037037037037 0.040625 0.08981481481481482
1 0.11458333333333333 0.024074074074074074 0.053125 0.049074074074074076
1 0.8369791666666667 0.30925925925925923 0.0640625 0.058333333333333334
1 0.7229166666666667 0.5333333333333333 0.07083333333333333 0.05092592592592592
