0 0.24283854166666666 0.34375 0.10091145833333333 0.1712962962962963
0 0.068359375 0.5092592592592593 0.10611979166666667 0.14699074074074073
0 0.2662760416666667 0.8518518518518519 0.076171875 0.12152777777777778
1 0.3815104166666667 0.8368055555555556 0.056640625 0.16435185185185186
1 0.9029947916666666 0.4166666666666667 0.033854166666666664 0.12962962962962962
1 0.9895833333333334 0.7442129629629629 0.020182291666666668 0.1550925925925926
0 0.927734375 0.9050925925925926 0.061848958333333336 0.07060185185185185
1 0.17252604166666666 0.6597222222222222 0.07877604166666667 0.06828703703703703
0 0.291015625 0.15625 0.06510416666666667 0.16550925925925927
1 0.943359375 0.27314814814814814 0.059244791666666664 0.08796296296296297
1 0.8684895833333334 0.20601851851851852 0.02734375 0.11921296296296297
1 0.025390625 0.9120370370370371 0.051432291666666664 0.11342592592592593
1 0.14322916666666666 0.03125 0.06705729166666667 0.0625
1 0.9036458333333334 0.6678240740740741 0.08919270833333333 0.06481481481481481
