0 0.6675925925925926 0.20208333333333334 0.15 0.07708333333333334
1 0.700925925925926 0.9234375 0.09722222222222222 0.03697916666666667
1 0.5648148148148148 0.7942708333333334 0.06481481481481481 0.046875
0 0.2657407407407407 0.24427083333333333 0.08981481481481482 0.06041666666666667
1 0.5324074074074074 0.6890625 0.10185185185185185 0.021875
1 0.2851851851851852 0.7578125 0.11481481481481481 0.026041666666666668
1 0.325 0.30104166666666665 0.11481481481481481 0.027604166666666666
1 0.5675925925925925 0.9619791666666667 0.08703703703703704 0.0421875
1 0.8435185185185186 0.6567708333333333 0.037037037037037035 0.043229166666666666
1 0.65 0.7109375 0.06666666666666667 0.052083333333333336
1 0.6916666666666667 0.6625 0.08333333333333333 0.0203125
1 0.9037037037037037 0.953125 0.11388888888888889 0.027604166666666666
1 0.9027777777777778 0.7140625 0.04814814814814815 0.04739583333333333
1 0.4212962962962963 0.14322916666666666 0.06111111111111111 0.0515625
1 0.7453703703703703 0.81875 0.07407407407407407 0.029166666666666667
1 0.26481481481481484 0.8807291666666667 0.10925925925925926 0.03854166666666667
1 0.9472222222222222 0.1203125 0.10462962962962963 0.0546875
1 0.2101851851851852 0.9854166666666667 0.11388888888888889 0.025520833333333333
0 0.1574074074074074 0.7098958333333333 0.046296296296296294 0.034895833333333334
1 0.4324074074074074 0.9828125 0.06018518518518518 0.03177083333333333
1 0.35 0.6911458333333333 0.05462962962962963 0.06145833333333333
1 0.22314814814814815 0.0359375 0.1287037037037037 0.0375
1 0.912962962962963 0.8807291666666667 0.08703703703703704 0.034375
1 0.7555555555555555 0.0140625 0.07592592592592592 0.028645833333333332
1 0.9657407407407408 0.6489583333333333 0.06759259259259259 0.0359375
