0 0.2015625 0.33240740740740743 0.0765625 0.14907407407407408
1 0.9234375 0.29907407407407405 0.036458333333333336 0.0962962962962963
1 0.79375 0.4351851851851852 0.04635416666666667 0.06388888888888888
0 0.24375 0.7342592592592593 0.059895833333333336 0.08888888888888889
1 0.6885416666666667 0.4675925925925926 0.021354166666666667 0.10092592592592593
1 0.7572916666666667 0.7148148148148148 0.025520833333333333 0.11388888888888889
1 0.30104166666666665 0.675 0.027083333333333334 0.11388888888888889
1 0.9619791666666667 0.4324074074074074 0.041666666666666664 0.08611111111111111
1 0.6567708333333333 0.15648148148148147 0.042708333333333334 0.03611111111111111
1 0.7104166666666667 0.35 0.0515625 0.06574074074074074
1 0.6625 0.30833333333333335 0.019791666666666666 0.0824074074074074
1 0.953125 0.0962962962962963 0.027083333333333334 0.11296296296296296
1 0.7140625 0.09722222222222222 0.046875 0.04722222222222222
1 0.14322916666666666 0.5787037037037037 0.051041666666666666 0.06018518518518518
1 0.8182291666666667 0.25462962962962965 0.028645833333333332 0.07314814814814814
1 0.8802083333333334 0.7351851851851852 0.03802083333333333 0.10833333333333334
1 0.1203125 0.05185185185185185 0.05416666666666667 0.10462962962962963
1 0.9854166666666667 0.7898148148148149 0.025 0.11296296296296296
0 0.7098958333333333 0.8425925925925926 0.034375 0.04537037037037037
1 0.9828125 0.5675925925925925 0.03125 0.05925925925925926
1 0.690625 0.65 0.0609375 0.053703703703703705
1 0.035416666666666666 0.7768518518518519 0.03697916666666667 0.12777777777777777
1 0.8802083333333334 0.08703703703703704 0.033854166666666664 0.08611111111111111
1 0.0140625 0.24444444444444444 0.028125 0.075
1 0.6489583333333333 0.03333333333333333 0.035416666666666666 0.06759259259259259
