0 0.2526041666666667 0.4166666666666667 0.09635416666666667 0.1875
1 0.9817708333333334 0.5451388888888888 0.036458333333333336 0.08101851851851852
0 0.3053385416666667 0.9178240740740741 0.07552083333333333 0.11226851851851852
1 0.861328125 0.5856481481481481 0.02734375 0.12731481481481483
1 0.947265625 0.8946759259259259 0.032552083333333336 0.14351851851851852
1 0.3763020833333333 0.8449074074074074 0.034505208333333336 0.14351851851851852
1 0.8209635416666666 0.19675925925925927 0.054036458333333336 0.046296296296296294
1 0.888671875 0.4386574074074074 0.06510416666666667 0.08333333333333333
1 0.828125 0.38657407407407407 0.025390625 0.10416666666666667
1 0.892578125 0.12268518518518519 0.059244791666666664 0.06018518518518518
1 0.17903645833333334 0.7245370370370371 0.064453125 0.0763888888888889
1 0.150390625 0.06597222222222222 0.068359375 0.13194444444444445
1 0.8639322916666666 0.8125 0.07682291666666667 0.06828703703703703
1 0.044921875 0.9456018518518519 0.046875 0.1087962962962963
1 0.017578125 0.30671296296296297 0.035807291666666664 0.09490740740740741
1 0.8111979166666666 0.04282407407407408 0.044921875 0.08564814814814815
