0 0.8444010416666666 0.8715277777777778 0.057942708333333336 0.12962962962962962
1 0.9947916666666666 0.90625 0.010416666666666666 0.0798611111111111
1 0.453125 0.7210648148148148 0.07942708333333333 0.08217592592592593
0 0.7819010416666666 0.6712962962962963 0.07421875 0.1076388888888889
0 0.66796875 0.6400462962962963 0.07682291666666667 0.1724537037037037
0 0.20833333333333334 0.9849537037037037 0.11393229166666667 0.03009259259259259
0 0.595703125 0.7303240740740741 0.06640625 0.11458333333333333
1 0.2962239583333333 0.6481481481481481 0.040364583333333336 0.12962962962962962
1 0.9264322916666666 0.7465277777777778 0.037109375 0.13194444444444445
1 0.9733072916666666 0.05092592592592592 0.052734375 0.0798611111111111
1 0.055989583333333336 0.9629629629629629 0.022786458333333332 0.07291666666666667
0 0.14453125 0.6655092592592593 0.041666666666666664 0.06828703703703703
1 0.541015625 0.9537037037037037 0.026692708333333332 0.09259259259259259
1 0.5227864583333334 0.03356481481481482 0.04296875 0.06018518518518518
0 0.0234375 0.7245370370370371 0.04296875 0.07407407407407407
