0 0.13518518518518519 0.5145833333333333 0.12037037037037036 0.06770833333333333
0 0.25092592592592594 0.884375 0.1398148148148148 0.059895833333333336
0 0.3037037037037037 0.6755208333333333 0.1037037037037037 0.04635416666666667
1 0.275 0.8177083333333334 0.06388888888888888 0.05260416666666667
1 0.42314814814814816 0.3625 0.06574074074074074 0.06354166666666666
0 0.46296296296296297 0.6255208333333333 0.08611111111111111 0.059375
0 0.487962962962963 0.534375 0.13796296296296295 0.06145833333333333
0 0.15092592592592594 0.16666666666666666 0.14722222222222223 0.09114583333333333
0 0.41574074074074074 0.4765625 0.09166666666666666 0.053125
1 0.4824074074074074 0.23697916666666666 0.1037037037037037 0.03229166666666667
0 0.5 0.8953125 0.11296296296296296 0.07760416666666667
1 0.40370370370370373 0.7411458333333333 0.10555555555555556 0.0296875
1 0.9592592592592593 0.7817708333333333 0.06388888888888888 0.04791666666666667
1 0.21851851851851853 0.04479166666666667 0.08055555555555556 0.018229166666666668
0 0.4675925925925926 0.115625 0.05462962962962963 0.03333333333333333
1 0.2175925925925926 0.4328125 0.11388888888888889 0.021354166666666667
1 0.9740740740740741 0.41822916666666665 0.04814814814814815 0.034375
0 0.03981481481481482 0.8161458333333333 0.07592592592592592 0.06875
0 0.4212962962962963 0.01875 0.05925925925925926 0.034375
0 0.03148148148148148 0.29322916666666665 0.06111111111111111 0.0515625
