0 0.5140625 0.8648148148148148 0.0671875 0.11944444444444445
0 0.884375 0.7490740740740741 0.059375 0.1388888888888889
0 0.6755208333333333 0.6962962962962963 0.04583333333333333 0.10277777777777777
1 0.8177083333333334 0.725 0.052083333333333336 0.06296296296296296
1 0.3619791666666667 0.5768518518518518 0.06302083333333333 0.06481481481481481
0 0.625 0.5370370370370371 0.058854166666666666 0.08518518518518518
0 0.5338541666666666 0.5120370370370371 0.0609375 0.13703703703703704
0 0.16666666666666666 0.8490740740740741 0.090625 0.14629629629629629
0 0.47604166666666664 0.5842592592592593 0.05260416666666667 0.09074074074074075
1 0.23645833333333333 0.5175925925925926 0.03177083333333333 0.10277777777777777
0 0.8953125 0.5 0.07708333333333334 0.11203703703703703
1 0.7411458333333333 0.5962962962962963 0.029166666666666667 0.10462962962962963
1 0.78125 0.040740740740740744 0.04739583333333333 0.06296296296296296
1 0.04479166666666667 0.7814814814814814 0.017708333333333333 0.07962962962962963
0 0.11510416666666666 0.5324074074074074 0.0328125 0.053703703703703705
1 0.4328125 0.7824074074074074 0.020833333333333332 0.11296296296296296
1 0.41770833333333335 0.025925925925925925 0.033854166666666664 0.04722222222222222
0 0.815625 0.9601851851851851 0.06822916666666666 0.075
0 0.018229166666666668 0.5787037037037037 0.033854166666666664 0.058333333333333334
0 0.29322916666666665 0.9694444444444444 0.051041666666666666 0.06111111111111111
