1 0.3421875 0.34444444444444444 0.04583333333333333 0.09074074074074075
1 0.8526041666666667 0.1648148148148148 0.041666666666666664 0.13703703703703704
1 0.7515625 0.22407407407407406 0.025520833333333333 0.1175925925925926
1 0.103125 0.6666666666666666 0.023958333333333335 0.14351851851851852
1 0.15625 0.3472222222222222 0.07291666666666667 0.05648148148148148
1 0.23541666666666666 0.6703703703703704 0.052083333333333336 0.13796296296296295
1 0.17708333333333334 0.1685185185185185 0.0203125 0.08981481481481482
1 0.8864583333333333 0.08796296296296297 0.06614583333333333 0.06388888888888888
1 0.04635416666666667 0.3972222222222222 0.019791666666666666 0.13796296296296295
1 0.796875 0.412962962962963 0.07604166666666666 0.07592592592592592
1 0.9651041666666667 0.29444444444444445 0.06875 0.08703703703703704
1 0.015625 0.22962962962962963 0.030729166666666665 0.11203703703703703
1 0.340625 0.7342592592592593 0.021875 0.13703703703703704
1 0.7880208333333333 0.02962962962962963 0.0296875 0.05925925925925926
1 0.9463541666666667 0.4287037037037037 0.09895833333333333 0.08981481481481482
1 0.028125 0.6037037037037037 0.05677083333333333 0.040740740740740744
1 0.32864583333333336 0.030555555555555555 0.022395833333333334 0.06111111111111111
1 0.008333333333333333 0.06851851851851852 0.016666666666666666 0.028703703703703703
