1 0.427734375 0.4305555555555556 0.057942708333333336 0.11458333333333333
1 0.9401041666666666 0.28125 0.032552083333333336 0.14814814814814814
1 0.12890625 0.8344907407407407 0.030598958333333332 0.18055555555555555
1 0.1953125 0.4351851851851852 0.091796875 0.07175925925925926
1 0.2942708333333333 0.8391203703703703 0.06575520833333333 0.1736111111111111
1 0.22200520833333334 0.21180555555555555 0.026041666666666668 0.11342592592592593
1 0.057942708333333336 0.4976851851851852 0.025390625 0.1736111111111111
1 0.9739583333333334 0.5162037037037037 0.051432291666666664 0.09606481481481481
1 0.020182291666666668 0.2881944444444444 0.0390625 0.1412037037037037
1 0.42578125 0.9155092592592593 0.027994791666666668 0.16782407407407407
1 0.9830729166666666 0.037037037037037035 0.033203125 0.07523148148148148
1 0.035807291666666664 0.7546296296296297 0.07161458333333333 0.052083333333333336
1 0.4114583333333333 0.03819444444444445 0.028645833333333332 0.0775462962962963
1 0.010416666666666666 0.08680555555555555 0.021484375 0.037037037037037035
