1 0.6555555555555556 0.3421875 0.09166666666666666 0.04635416666666667
1 0.8351851851851851 0.8526041666666667 0.13796296296296295 0.0421875
1 0.7759259259259259 0.7520833333333333 0.11851851851851852 0.026041666666666668
1 0.3333333333333333 0.103125 0.14444444444444443 0.024479166666666666
1 0.6527777777777778 0.15625 0.05740740740740741 0.0734375
1 0.3296296296296296 0.23541666666666666 0.1388888888888889 0.05260416666666667
1 0.8314814814814815 0.17760416666666667 0.09074074074074075 0.020833333333333332
1 0.9120370370370371 0.8869791666666667 0.06481481481481481 0.06666666666666667
1 0.6027777777777777 0.04635416666666667 0.1388888888888889 0.0203125
1 0.587037037037037 0.796875 0.07685185185185185 0.0765625
1 0.7055555555555556 0.9651041666666667 0.08796296296296297 0.06927083333333334
1 0.7703703703703704 0.016145833333333335 0.11296296296296296 0.03125
1 0.2657407407407407 0.340625 0.13796296296296295 0.022395833333333334
1 0.9703703703703703 0.7885416666666667 0.05925925925925926 0.030208333333333334
1 0.5712962962962963 0.9463541666666667 0.09074074074074075 0.09947916666666666
1 0.3962962962962963 0.028645833333333332 0.041666666666666664 0.057291666666666664
1 0.9694444444444444 0.32916666666666666 0.06111111111111111 0.022916666666666665
1 0.9314814814814815 0.008333333333333333 0.02962962962962963 0.0171875
