0 0.6157407407407407 0.884375 0.22037037037037038 0.1015625
1 0.8601851851851852 0.20677083333333332 0.10740740740740741 0.0734375
1 0.6824074074074075 0.1203125 0.08888888888888889 0.0890625
1 0.8888888888888888 0.0421875 0.07962962962962963 0.07708333333333334
1 0.7462962962962963 0.6489583333333333 0.08148148148148149 0.06927083333333334
1 0.3351851851851852 0.8427083333333333 0.05277777777777778 0.06197916666666667
1 0.5314814814814814 0.08645833333333333 0.1111111111111111 0.09479166666666666
0 0.4759259259259259 0.6557291666666667 0.07314814814814814 0.035416666666666666
0 0.8898148148148148 0.9833333333333333 0.13333333333333333 0.0328125
0 0.12037037037037036 0.915625 0.07777777777777778 0.0453125
1 0.38981481481481484 0.22395833333333334 0.1787037037037037 0.034895833333333334
0 0.2564814814814815 0.6958333333333333 0.06759259259259259 0.03958333333333333
1 0.675 0.24270833333333333 0.07222222222222222 0.06145833333333333
1 0.9814814814814815 0.6932291666666667 0.03611111111111111 0.022916666666666665
