0 0.884375 0.38425925925925924 0.10104166666666667 0.21944444444444444
1 0.20677083333333332 0.1398148148148148 0.07291666666666667 0.10648148148148148
1 0.1203125 0.3175925925925926 0.08854166666666667 0.08796296296296297
1 0.041666666666666664 0.1111111111111111 0.0765625 0.0787037037037037
1 0.6489583333333333 0.2537037037037037 0.06875 0.08055555555555556
1 0.8427083333333333 0.6648148148148149 0.06145833333333333 0.05185185185185185
1 0.0859375 0.4685185185185185 0.09427083333333333 0.11018518518518519
0 0.6552083333333333 0.524074074074074 0.034895833333333334 0.07222222222222222
0 0.9833333333333333 0.11018518518518519 0.03229166666666667 0.13240740740740742
0 0.915625 0.8796296296296297 0.04479166666666667 0.07685185185185185
1 0.22395833333333334 0.6101851851851852 0.034375 0.17777777777777778
0 0.6953125 0.7435185185185185 0.0390625 0.06666666666666667
1 0.2421875 0.325 0.0609375 0.0712962962962963
1 0.6927083333333334 0.017592592592592594 0.022395833333333334 0.03611111111111111
