1 0.2584635416666667 0.17592592592592593 0.091796875 0.13425925925925927
1 0.150390625 0.39814814814814814 0.111328125 0.1111111111111111
1 0.052734375 0.1400462962962963 0.09635416666666667 0.09953703703703703
1 0.8111979166666666 0.31828703703703703 0.08658854166666667 0.10185185185185185
1 0.10807291666666667 0.5868055555555556 0.11848958333333333 0.1388888888888889
0 0.8196614583333334 0.6550925925925926 0.044270833333333336 0.09143518518518519
1 0.2799479166666667 0.7627314814814815 0.043619791666666664 0.22337962962962962
0 0.8697916666666666 0.9293981481481481 0.049479166666666664 0.08449074074074074
1 0.3033854166666667 0.4074074074074074 0.07682291666666667 0.09027777777777778
1 0.8665364583333334 0.023148148148148147 0.028645833333333332 0.046296296296296294
