0 0.08541666666666667 0.625 0.04895833333333333 0.11388888888888889
1 0.5625 0.8638888888888889 0.036458333333333336 0.08055555555555556
1 0.8088541666666667 0.5944444444444444 0.04375 0.075
0 0.121875 0.8240740740740741 0.06302083333333333 0.13518518518518519
1 0.9640625 0.9638888888888889 0.0703125 0.049074074074074076
1 0.43385416666666665 0.7425925925925926 0.06197916666666667 0.053703703703703705
0 0.33541666666666664 0.5351851851851852 0.06041666666666667 0.07592592592592592
1 0.6359375 0.6231481481481481 0.0703125 0.05185185185185185
1 0.5609375 0.5842592592592593 0.04375 0.14814814814814814
1 0.9671875 0.7620370370370371 0.0640625 0.0787037037037037
1 0.43072916666666666 0.9074074074074074 0.0359375 0.05555555555555555
0 0.033854166666666664 0.924074074074074 0.06145833333333333 0.1111111111111111
1 0.9770833333333333 0.6018518518518519 0.0375 0.03425925925925926
1 0.81875 0.8694444444444445 0.025 0.11018518518518519
1 0.7270833333333333 0.8481481481481481 0.04010416666666667 0.03611111111111111
0 0.234375 0.9851851851851852 0.043229166666666666 0.027777777777777776
