0 0.375 0.08541666666666667 0.11481481481481481 0.049479166666666664
1 0.1361111111111111 0.5625 0.08148148148148149 0.03697916666666667
1 0.40555555555555556 0.8088541666666667 0.07592592592592592 0.044270833333333336
0 0.17592592592592593 0.12239583333333333 0.1361111111111111 0.06354166666666666
1 0.03611111111111111 0.9645833333333333 0.05 0.07083333333333333
1 0.2574074074074074 0.434375 0.05462962962962963 0.0625
0 0.4648148148148148 0.33541666666666664 0.07685185185185185 0.0609375
1 0.3768518518518518 0.6364583333333333 0.05277777777777778 0.07083333333333333
1 0.41574074074074074 0.5609375 0.14907407407407408 0.044270833333333336
1 0.23796296296296296 0.9677083333333333 0.07962962962962963 0.06458333333333334
1 0.09259259259259259 0.43125 0.05648148148148148 0.036458333333333336
0 0.07592592592592592 0.033854166666666664 0.11203703703703703 0.06197916666666667
1 0.39814814814814814 0.9770833333333333 0.03518518518518519 0.03802083333333333
1 0.13055555555555556 0.81875 0.1111111111111111 0.025520833333333333
1 0.15185185185185185 0.7276041666666667 0.037037037037037035 0.040625
0 0.014814814814814815 0.23489583333333333 0.028703703703703703 0.04375
