0 0.5833333333333334 0.8962962962962963 0.04375 0.08148148148148149
0 0.5932291666666667 0.17777777777777778 0.041666666666666664 0.08796296296296297
0 0.6302083333333334 0.8675925925925926 0.049479166666666664 0.10833333333333334
0 0.7401041666666667 0.1361111111111111 0.04635416666666667 0.09259259259259259
0 0.8067708333333333 0.22314814814814815 0.04479166666666667 0.0787037037037037
0 0.1296875 0.09351851851851851 0.041666666666666664 0.08055555555555556
0 0.5239583333333333 0.8564814814814815 0.04479166666666667 0.08055555555555556
0 0.659375 0.11018518518518519 0.03333333333333333 0.05555555555555555
0 0.9796875 0.9055555555555556 0.03958333333333333 0.08333333333333333
0 0.8588541666666667 0.18425925925925926 0.04114583333333333 0.0712962962962963
0 0.8041666666666667 0.12685185185185185 0.03697916666666667 0.06574074074074074
0 0.5348958333333333 0.1037037037037037 0.03958333333333333 0.10925925925925926
0 0.9208333333333333 0.8314814814814815 0.036458333333333336 0.062037037037037036
0 0.9848958333333333 0.20092592592592592 0.029166666666666667 0.09259259259259259
0 0.571875 0.09074074074074075 0.05677083333333333 0.08518518518518518
