0 0.1037037037037037 0.5833333333333334 0.0824074074074074 0.044270833333333336
0 0.8222222222222222 0.5932291666666667 0.08888888888888889 0.0421875
0 0.13240740740740742 0.6307291666666667 0.10925925925925926 0.05
0 0.8638888888888889 0.740625 0.09351851851851851 0.046875
0 0.7768518518518519 0.8067708333333333 0.07962962962962963 0.0453125
0 0.9064814814814814 0.1296875 0.08148148148148149 0.0421875
0 0.14351851851851852 0.5239583333333333 0.08148148148148149 0.0453125
0 0.8898148148148148 0.659375 0.05648148148148148 0.033854166666666664
0 0.09444444444444444 0.9796875 0.08425925925925926 0.04010416666666667
0 0.8157407407407408 0.859375 0.07222222222222222 0.041666666666666664
0 0.8731481481481481 0.8046875 0.06666666666666667 0.0375
0 0.8962962962962963 0.5348958333333333 0.11018518518518519 0.04010416666666667
0 0.1685185185185185 0.9208333333333333 0.06296296296296296 0.03697916666666667
0 0.799074074074074 0.9848958333333333 0.09351851851851851 0.0296875
0 0.9092592592592592 0.5723958333333333 0.08611111111111111 0.057291666666666664
