1 0.35885416666666664 0.21296296296296297 0.0703125 0.10185185185185185
1 0.621875 0.12222222222222222 0.0421875 0.13055555555555556
1 0.4984375 0.6231481481481481 0.04010416666666667 0.16944444444444445
1 0.24583333333333332 0.11203703703703703 0.0625 0.1685185185185185
1 0.17239583333333333 0.04814814814814815 0.022395833333333334 0.0962962962962963
1 0.20677083333333332 0.22685185185185186 0.04739583333333333 0.14074074074074075
1 0.21666666666666667 0.5157407407407407 0.084375 0.08611111111111111
1 0.325 0.6416666666666667 0.034375 0.14351851851851852
1 0.6822916666666666 0.675 0.03229166666666667 0.15
1 0.6822916666666666 0.37592592592592594 0.08697916666666666 0.07037037037037037
