1 0.7870370370370371 0.359375 0.10277777777777777 0.07083333333333333
1 0.8777777777777778 0.6223958333333334 0.13148148148148148 0.042708333333333334
1 0.3768518518518518 0.49895833333333334 0.17037037037037037 0.040625
1 0.887962962962963 0.24583333333333332 0.16944444444444445 0.06302083333333333
1 0.9518518518518518 0.17291666666666666 0.0962962962962963 0.022916666666666665
1 0.7731481481481481 0.20729166666666668 0.14166666666666666 0.04791666666666667
1 0.4842592592592593 0.21666666666666667 0.08703703703703704 0.08489583333333334
1 0.35833333333333334 0.325 0.14444444444444443 0.034895833333333334
1 0.325 0.6822916666666666 0.15092592592592594 0.0328125
1 0.6240740740740741 0.6828125 0.0712962962962963 0.0875
