1 0.44921875 0.2662037037037037 0.08854166666666667 0.1284722222222222
1 0.7779947916666666 0.15393518518518517 0.053385416666666664 0.16435185185185186
1 0.6236979166666666 0.7800925925925926 0.05078125 0.21296296296296297
1 0.3072916666666667 0.1400462962962963 0.07877604166666667 0.21180555555555555
1 0.21614583333333334 0.06018518518518518 0.028645833333333332 0.12152777777777778
1 0.2591145833333333 0.2835648148148148 0.059895833333333336 0.17708333333333334
1 0.2708333333333333 0.6458333333333334 0.10611979166666667 0.1087962962962963
1 0.40625 0.8032407407407407 0.043619791666666664 0.18055555555555555
1 0.8528645833333334 0.84375 0.041015625 0.1886574074074074
1 0.853515625 0.4699074074074074 0.109375 0.08912037037037036
