0 0.8020833333333334 0.22592592592592592 0.11302083333333333 0.14629629629629629
0 0.7609375 0.8055555555555556 0.096875 0.1574074074074074
0 0.6307291666666667 0.3907407407407407 0.08854166666666667 0.1925925925925926
0 0.6807291666666667 0.07314814814814814 0.07135416666666666 0.14537037037037037
0 0.42239583333333336 0.5425925925925926 0.08489583333333334 0.13703703703703704
0 0.25833333333333336 0.4962962962962963 0.07239583333333334 0.16203703703703703
0 0.4083333333333333 0.2074074074074074 0.09270833333333334 0.17222222222222222
0 0.7494791666666667 0.4925925925925926 0.08645833333333333 0.13796296296296295
0 0.5854166666666667 0.07777777777777778 0.06875 0.14444444444444443
0 0.4270833333333333 0.8601851851851852 0.10364583333333334 0.1361111111111111
0 0.596875 0.8481481481481481 0.08020833333333334 0.12777777777777777
