0 0.774074074074074 0.8026041666666667 0.14722222222222223 0.11354166666666667
0 0.19444444444444445 0.7609375 0.15833333333333333 0.09739583333333333
0 0.6092592592592593 0.6307291666666667 0.1935185185185185 0.0890625
0 0.9268518518518518 0.68125 0.14629629629629629 0.071875
0 0.45740740740740743 0.42291666666666666 0.13796296296296295 0.08541666666666667
0 0.5037037037037037 0.25885416666666666 0.16296296296296298 0.07291666666666667
0 0.7925925925925926 0.4083333333333333 0.17314814814814813 0.09322916666666667
0 0.5074074074074074 0.7494791666666667 0.1388888888888889 0.08697916666666666
0 0.9222222222222223 0.5854166666666667 0.14537037037037037 0.06927083333333334
0 0.1398148148148148 0.4276041666666667 0.13703703703703704 0.10416666666666667
0 0.15185185185185185 0.596875 0.1287037037037037 0.08072916666666667
