0 0.9661458333333334 0.2824074074074074 0.06770833333333333 0.1840277777777778
0 0.9453125 0.9537037037037037 0.109375 0.09143518518518519
0 0.7884114583333334 0.48842592592592593 0.111328125 0.24189814814814814
0 0.8515625 0.09259259259259259 0.08984375 0.18287037037037038
0 0.5286458333333334 0.6782407407407407 0.10677083333333333 0.1724537037037037
0 0.3235677083333333 0.6215277777777778 0.09114583333333333 0.2037037037037037
0 0.5104166666666666 0.25925925925925924 0.11653645833333333 0.21643518518518517
0 0.9368489583333334 0.6168981481481481 0.10872395833333333 0.1736111111111111
0 0.7317708333333334 0.09722222222222222 0.08658854166666667 0.18171296296296297
0 0.5345052083333334 0.9953703703703703 0.13020833333333334 0.009259259259259259
0 0.74609375 0.9895833333333334 0.10091145833333333 0.019675925925925927
