0 0.8911458333333333 0.08611111111111111 0.06666666666666667 0.12962962962962962
0 0.16927083333333334 0.26481481481481484 0.0703125 0.10462962962962963
0 0.9708333333333333 0.15648148148148147 0.057291666666666664 0.08888888888888889
0 0.7473958333333334 0.17407407407407408 0.06927083333333334 0.1037037037037037
0 0.6328125 0.14444444444444443 0.06041666666666667 0.11481481481481481
0 0.9760416666666667 0.3592592592592593 0.046875 0.10092592592592593
0 0.3125 0.31666666666666665 0.0671875 0.10648148148148148
0 0.7520833333333333 0.40370370370370373 0.07395833333333333 0.10185185185185185
0 0.07395833333333333 0.18703703703703703 0.075 0.11574074074074074
0 0.8682291666666667 0.38796296296296295 0.06875 0.08518518518518518
1 0.16927083333333334 0.11481481481481481 0.06197916666666667 0.11018518518518519
