0 0.9138888888888889 0.8911458333333333 0.13055555555555556 0.0671875
0 0.7351851851851852 0.16979166666666667 0.10555555555555556 0.07083333333333333
0 0.8435185185185186 0.9708333333333333 0.08981481481481482 0.0578125
0 0.825925925925926 0.7479166666666667 0.10462962962962963 0.06979166666666667
0 0.8555555555555555 0.6328125 0.11574074074074074 0.0609375
0 0.6407407407407407 0.9760416666666667 0.10185185185185185 0.04739583333333333
0 0.6833333333333333 0.31302083333333336 0.10740740740740741 0.06770833333333333
0 0.5962962962962963 0.7520833333333333 0.10277777777777777 0.07447916666666667
0 0.812962962962963 0.07395833333333333 0.11666666666666667 0.07552083333333333
0 0.612037037037037 0.8682291666666667 0.08611111111111111 0.06927083333333334
1 0.8851851851851852 0.16979166666666667 0.1111111111111111 0.0625
