0 0.306640625 0.4548611111111111 0.0703125 0.11805555555555555
1 0.04296875 0.5034722222222222 0.038411458333333336 0.13194444444444445
1 0.9798177083333334 0.07523148148148148 0.039713541666666664 0.0775462962962963
1 0.3763020833333333 0.375 0.037109375 0.1423611111111111
1 0.9485677083333334 0.42939814814814814 0.036458333333333336 0.14814814814814814
1 0.8619791666666666 0.12268518518518519 0.03125 0.1261574074074074
1 0.8639322916666666 0.35300925925925924 0.07682291666666667 0.08101851851851852
0 0.8860677083333334 0.5914351851851852 0.046223958333333336 0.05787037037037037
0 0.265625 0.024305555555555556 0.05078125 0.04976851851851852
1 0.17838541666666666 0.25578703703703703 0.061197916666666664 0.05787037037037037
0 0.13216145833333334 0.056712962962962965 0.033854166666666664 0.04861111111111111
