0 0.24479166666666666 0.362962962962963 0.05572916666666667 0.09351851851851851
1 0.9848958333333333 0.4148148148148148 0.0265625 0.11388888888888889
1 0.034375 0.40185185185185185 0.030208333333333334 0.10462962962962963
1 0.7927083333333333 0.06018518518518518 0.04895833333333333 0.06111111111111111
1 0.30104166666666665 0.3 0.029166666666666667 0.11296296296296296
1 0.7583333333333333 0.3425925925925926 0.028645833333333332 0.1175925925925926
1 0.88125 0.3648148148148148 0.03333333333333333 0.1175925925925926
1 0.9635416666666666 0.062037037037037036 0.04375 0.08611111111111111
1 0.6890625 0.09814814814814815 0.024479166666666666 0.1
1 0.690625 0.2814814814814815 0.0609375 0.06388888888888888
0 0.7088541666666667 0.4722222222222222 0.036458333333333336 0.04537037037037037
0 0.21197916666666666 0.019444444444444445 0.04010416666666667 0.03888888888888889
1 0.1421875 0.2037037037037037 0.0484375 0.04537037037037037
0 0.10520833333333333 0.044444444444444446 0.0265625 0.03796296296296296
1 0.9828125 0.1962962962962963 0.034375 0.044444444444444446
