0 0.6370370370370371 0.2453125 0.09444444444444444 0.05625
1 0.5851851851851851 0.9854166666666667 0.11481481481481481 0.027083333333333334
1 0.5981481481481481 0.034375 0.10555555555555556 0.030729166666666665
1 0.9398148148148148 0.7927083333333333 0.062037037037037036 0.049479166666666664
1 0.7 0.30104166666666665 0.11388888888888889 0.0296875
1 0.6574074074074074 0.7588541666666667 0.11851851851851852 0.029166666666666667
1 0.6351851851851852 0.88125 0.11851851851851852 0.033854166666666664
1 0.937962962962963 0.9635416666666666 0.08703703703703704 0.044270833333333336
1 0.9018518518518519 0.6895833333333333 0.10092592592592593 0.025
1 0.7185185185185186 0.6911458333333333 0.06481481481481481 0.06145833333333333
0 0.5277777777777778 0.7088541666666667 0.046296296296296294 0.03697916666666667
0 0.9805555555555555 0.2125 0.03888888888888889 0.040625
1 0.7962962962962963 0.14270833333333333 0.046296296296296294 0.04895833333333333
0 0.9555555555555556 0.10572916666666667 0.03888888888888889 0.027083333333333334
1 0.8037037037037037 0.9828125 0.04537037037037037 0.034375
