0 0.8450520833333334 0.4027777777777778 0.05859375 0.12152777777777778
1 0.9921875 0.44328703703703703 0.014973958333333334 0.08796296296296297
0 0.6432291666666666 0.6157407407407407 0.08919270833333333 0.1527777777777778
0 0.20768229166666666 0.6018518518518519 0.11848958333333333 0.20023148148148148
1 0.9244791666666666 0.28703703703703703 0.050130208333333336 0.1400462962962963
0 0.595703125 0.2673611111111111 0.06510416666666667 0.1284722222222222
0 0.36328125 0.7731481481481481 0.06510416666666667 0.09953703703703703
0 0.779296875 0.21296296296296297 0.076171875 0.12731481481481483
1 0.453125 0.2569444444444444 0.072265625 0.07175925925925926
1 0.5416666666666666 0.5150462962962963 0.031901041666666664 0.14814814814814814
0 0.66796875 0.18171296296296297 0.07486979166666667 0.18171296296296297
1 0.298828125 0.1909722222222222 0.039713541666666664 0.12268518518518519
0 0.14518229166666666 0.2013888888888889 0.041666666666666664 0.07291666666666667
1 0.055989583333333336 0.5162037037037037 0.029947916666666668 0.11342592592592593
0 0.9889322916666666 0.7511574074074074 0.022135416666666668 0.13425925925925927
1 0.5462239583333334 0.8090277777777778 0.07356770833333333 0.05324074074074074
0 0.022786458333333332 0.25578703703703703 0.046223958333333336 0.0798611111111111
0 0.8072916666666666 0.9328703703703703 0.08203125 0.12037037037037036
