0 0.6777777777777778 0.6760416666666667 0.09722222222222222 0.046875
1 0.6462962962962963 0.8161458333333333 0.07037037037037037 0.05625
0 0.5083333333333333 0.5145833333333333 0.12222222222222222 0.07135416666666666
0 0.5185185185185185 0.16614583333333333 0.16018518518518518 0.09479166666666666
1 0.7703703703703704 0.7395833333333334 0.11203703703703703 0.04010416666666667
0 0.8703703703703703 0.8973958333333333 0.11944444444444445 0.07083333333333333
0 0.7861111111111111 0.4765625 0.10277777777777777 0.052083333333333336
0 0.3824074074074074 0.290625 0.07962962962962963 0.052083333333333336
0 0.8305555555555556 0.6234375 0.10185185185185185 0.0609375
1 0.7953703703703704 0.3625 0.05740740740740741 0.0578125
1 0.5888888888888889 0.43333333333333335 0.11851851851851852 0.025520833333333333
0 0.6166666666666667 0.8833333333333333 0.14166666666666666 0.06041666666666667
0 0.8546296296296296 0.534375 0.14537037037037037 0.059895833333333336
1 0.8481481481481481 0.2390625 0.09814814814814815 0.03177083333333333
0 0.8388888888888889 0.11614583333333334 0.058333333333333334 0.03333333333333333
1 0.5879629629629629 0.04479166666666667 0.09074074074074075 0.023958333333333335
0 0.4 0.8151041666666666 0.10740740740740741 0.06614583333333333
1 0.3537037037037037 0.43697916666666664 0.04259259259259259 0.058854166666666666
0 0.7953703703703704 0.018229166666666668 0.06388888888888888 0.03697916666666667
0 0.25462962962962965 0.6458333333333334 0.0962962962962963 0.065625
