0 0.6755208333333333 0.32222222222222224 0.04635416666666667 0.0962962962962963
1 0.815625 0.3537037037037037 0.05572916666666667 0.06944444444444445
0 0.5145833333333333 0.49166666666666664 0.07083333333333333 0.12129629629629629
0 0.165625 0.48148148148148145 0.09427083333333333 0.15925925925925927
1 0.7395833333333334 0.22962962962962963 0.03958333333333333 0.1111111111111111
0 0.896875 0.12962962962962962 0.0703125 0.11851851851851852
0 0.47604166666666664 0.21388888888888888 0.0515625 0.10185185185185185
0 0.29010416666666666 0.6175925925925926 0.0515625 0.0787037037037037
0 0.6234375 0.16944444444444445 0.06041666666666667 0.10092592592592593
1 0.3625 0.20462962962962963 0.057291666666666664 0.05648148148148148
1 0.43333333333333335 0.4111111111111111 0.025 0.1175925925925926
0 0.8828125 0.38333333333333336 0.059895833333333336 0.14074074074074075
0 0.534375 0.14537037037037037 0.059375 0.14444444444444443
1 0.2390625 0.15185185185185185 0.03125 0.09722222222222222
0 0.115625 0.16111111111111112 0.0328125 0.05740740740740741
1 0.044270833333333336 0.41203703703703703 0.0234375 0.08981481481481482
0 0.8151041666666666 0.6 0.065625 0.10648148148148148
1 0.43697916666666664 0.6462962962962963 0.058333333333333334 0.041666666666666664
0 0.018229166666666668 0.20462962962962963 0.036458333333333336 0.06296296296296296
0 0.6453125 0.7453703703703703 0.06510416666666667 0.09537037037037037
