1 0.9537760416666666 0.8958333333333334 0.06510416666666667 0.06018518518518518
0 0.15364583333333334 0.5659722222222222 0.08333333333333333 0.1712962962962963
0 0.4127604166666667 0.2048611111111111 0.06380208333333333 0.09953703703703703
1 0.7005208333333334 0.2604166666666667 0.054036458333333336 0.1840277777777778
0 0.109375 0.31828703703703703 0.06510416666666667 0.14699074074074073
1 0.5221354166666666 0.8900462962962963 0.057942708333333336 0.13541666666666666
1 0.912109375 0.5949074074074074 0.052083333333333336 0.04050925925925926
0 0.044270833333333336 0.6875 0.07747395833333333 0.1388888888888889
1 0.703125 0.6134259259259259 0.041666666666666664 0.09606481481481481
1 0.7936197916666666 0.31828703703703703 0.08723958333333333 0.0763888888888889
1 0.9934895833333334 0.2789351851851852 0.013020833333333334 0.09606481481481481
1 0.541015625 0.6724537037037037 0.052083333333333336 0.08101851851851852
1 0.5397135416666666 0.4675925925925926 0.07942708333333333 0.07060185185185185
1 0.671875 0.8923611111111112 0.031901041666666664 0.11921296296296297
0 0.3606770833333333 0.8009259259259259 0.09244791666666667 0.17939814814814814
1 0.7682291666666666 0.9375 0.07486979166666667 0.125
1 0.8626302083333334 0.9525462962962963 0.033854166666666664 0.09375
0 0.2877604166666667 0.8611111111111112 0.057942708333333336 0.21412037037037038
