1 0.28425925925925927 0.7630208333333334 0.04814814814814815 0.052083333333333336
0 0.5481481481481482 0.12291666666666666 0.13703703703703704 0.06666666666666667
1 0.6083333333333333 0.9682291666666667 0.07314814814814814 0.06302083333333333
0 0.837037037037037 0.3302083333333333 0.07962962962962963 0.051041666666666666
1 0.7916666666666666 0.5604166666666667 0.14722222222222223 0.043229166666666666
0 0.7453703703703703 0.0875 0.1175925925925926 0.052083333333333336
1 0.287962962962963 0.41770833333333335 0.10833333333333334 0.04635416666666667
1 0.524074074074074 0.7296875 0.032407407407407406 0.041666666666666664
0 0.45092592592592595 0.035416666666666666 0.1111111111111111 0.06197916666666667
1 0.5092592592592593 0.5625 0.07685185185185185 0.03333333333333333
1 0.49722222222222223 0.8177083333333334 0.10925925925925926 0.022395833333333334
1 0.7462962962962963 0.6348958333333333 0.06111111111111111 0.06979166666666667
1 0.7768518518518519 0.8098958333333334 0.07685185185185185 0.040625
1 0.7638888888888888 0.9786458333333333 0.04722222222222222 0.04010416666666667
1 0.46296296296296297 0.4328125 0.06481481481481481 0.041666666666666664
1 0.4101851851851852 0.9645833333333333 0.04537037037037037 0.0703125
1 0.6259259259259259 0.4317708333333333 0.05648148148148148 0.06354166666666666
1 0.33611111111111114 0.8421875 0.03425925925925926 0.06666666666666667
1 0.2861111111111111 0.5375 0.09537037037037037 0.025520833333333333
1 0.27314814814814814 0.9401041666666666 0.11203703703703703 0.01875
0 0.3592592592592593 0.28854166666666664 0.14351851851851852 0.07395833333333333
1 0.24444444444444444 0.6145833333333334 0.11203703703703703 0.059895833333333336
1 0.22314814814814815 0.6901041666666666 0.10462962962962963 0.027083333333333334
0 0.3111111111111111 0.23020833333333332 0.1712962962962963 0.04635416666666667
