1 0.7625 0.7157407407407408 0.0515625 0.04722222222222222
0 0.12239583333333333 0.45185185185185184 0.06614583333333333 0.1361111111111111
1 0.9682291666666667 0.39166666666666666 0.0625 0.07222222222222222
0 0.3296875 0.16296296296296298 0.050520833333333334 0.0787037037037037
1 0.5604166666666667 0.20833333333333334 0.042708333333333334 0.14629629629629629
0 0.08697916666666666 0.25462962962962965 0.0515625 0.11666666666666667
1 0.41770833333333335 0.712037037037037 0.04583333333333333 0.10740740740740741
1 0.7291666666666666 0.4759259259259259 0.04114583333333333 0.03148148148148148
0 0.035416666666666666 0.549074074074074 0.06145833333333333 0.11018518518518519
1 0.5619791666666667 0.49074074074074076 0.0328125 0.07592592592592592
1 0.8177083333333334 0.5027777777777778 0.021875 0.10833333333333334
1 0.634375 0.2537037037037037 0.06927083333333334 0.06018518518518518
1 0.809375 0.22314814814814815 0.04010416666666667 0.07592592592592592
1 0.9786458333333333 0.2361111111111111 0.03958333333333333 0.046296296296296294
1 0.4322916666666667 0.5370370370370371 0.04114583333333333 0.06388888888888888
1 0.9645833333333333 0.5898148148148148 0.06979166666666667 0.044444444444444446
1 0.43125 0.37407407407407406 0.06302083333333333 0.05555555555555555
1 0.8416666666666667 0.6638888888888889 0.06614583333333333 0.03333333333333333
1 0.5375 0.7138888888888889 0.025 0.09444444444444444
1 0.9395833333333333 0.7268518518518519 0.018229166666666668 0.1111111111111111
0 0.28802083333333334 0.6407407407407407 0.0734375 0.1425925925925926
1 0.6145833333333334 0.7555555555555555 0.059375 0.1111111111111111
1 0.6895833333333333 0.7768518518518519 0.0265625 0.1037037037037037
0 0.23020833333333332 0.6888888888888889 0.04583333333333333 0.17037037037037037
