0 0.0962962962962963 0.18177083333333333 0.13703703703703704 0.07239583333333334
0 0.412962962962963 0.146875 0.17592592592592593 0.08177083333333333
0 0.22870370370370371 0.359375 0.14351851851851852 0.08697916666666666
0 0.1 0.08854166666666667 0.15092592592592594 0.07604166666666666
0 0.5009259259259259 0.03854166666666667 0.175 0.07760416666666667
0 0.8037037037037037 0.184375 0.11481481481481481 0.06875
0 0.8046296296296296 0.04010416666666667 0.15462962962962962 0.08072916666666667
0 0.5018518518518519 0.34322916666666664 0.15648148148148147 0.08020833333333334
0 0.44537037037037036 0.49166666666666664 0.14166666666666666 0.06197916666666667
0 0.7777777777777778 0.3458333333333333 0.12129629629629629 0.08072916666666667
0 0.3111111111111111 0.015104166666666667 0.11666666666666667 0.030729166666666665
