0 0.18177083333333333 0.9037037037037037 0.071875 0.1361111111111111
0 0.146875 0.587037037037037 0.08125 0.175
0 0.359375 0.7712962962962963 0.08645833333333333 0.1425925925925926
0 0.08802083333333334 0.9 0.07552083333333333 0.15
0 0.03854166666666667 0.49907407407407406 0.07708333333333334 0.17407407407407408
0 0.18385416666666668 0.1962962962962963 0.06822916666666666 0.11388888888888889
0 0.04010416666666667 0.19537037037037036 0.08020833333333334 0.1537037037037037
0 0.34270833333333334 0.4981481481481482 0.0796875 0.15555555555555556
0 0.49166666666666664 0.5546296296296296 0.06145833333333333 0.14074074074074075
0 0.3458333333333333 0.2222222222222222 0.08020833333333334 0.12037037037037036
0 0.015104166666666667 0.6888888888888889 0.030208333333333334 0.11574074074074074
