1 0.6351851851851852 0.096875 0.14351851851851852 0.03333333333333333
1 0.2 0.3875 0.10092592592592593 0.06666666666666667
1 0.4666666666666667 0.5072916666666667 0.08796296296296297 0.071875
1 0.375 0.09166666666666666 0.1037037037037037 0.08020833333333334
1 0.5666666666666667 0.25729166666666664 0.1527777777777778 0.04375
1 0.13796296296296295 0.1421875 0.13796296296296295 0.0359375
1 0.5777777777777777 0.41458333333333336 0.13148148148148148 0.04010416666666667
1 0.049074074074074076 0.5557291666666667 0.09444444444444444 0.028125
1 0.03611111111111111 0.2 0.06944444444444445 0.050520833333333334
1 0.19722222222222222 0.5119791666666667 0.13148148148148148 0.0546875
1 0.09166666666666666 0.4859375 0.1824074074074074 0.057291666666666664
