1 0.09635416666666667 0.3648148148148148 0.0328125 0.1425925925925926
1 0.38697916666666665 0.8 0.06614583333333333 0.1
1 0.5067708333333333 0.5333333333333333 0.07135416666666666 0.08703703703703704
1 0.09114583333333333 0.625 0.0796875 0.10277777777777777
1 0.25677083333333334 0.43333333333333335 0.043229166666666666 0.15185185185185185
1 0.1421875 0.862037037037037 0.035416666666666666 0.13703703703703704
1 0.41458333333333336 0.4222222222222222 0.03958333333333333 0.13055555555555556
1 0.5552083333333333 0.950925925925926 0.027604166666666666 0.09351851851851851
1 0.2 0.9638888888888889 0.05 0.06851851851851852
1 0.5119791666666667 0.8027777777777778 0.05416666666666667 0.13055555555555556
1 0.48541666666666666 0.9083333333333333 0.05677083333333333 0.1814814814814815
