0 0.04791666666666667 0.7203703703703703 0.06666666666666667 0.10925925925925926
0 0.04791666666666667 0.5037037037037037 0.075 0.10925925925925926
0 0.6604166666666667 0.6481481481481481 0.06875 0.10462962962962963
0 0.059375 0.9388888888888889 0.07239583333333334 0.10648148148148148
0 0.51875 0.575 0.06875 0.12222222222222222
1 0.5307291666666667 0.95 0.06614583333333333 0.06759259259259259
0 0.16822916666666668 0.762962962962963 0.05520833333333333 0.1111111111111111
1 0.6651041666666667 0.7888888888888889 0.071875 0.11481481481481481
0 0.859375 0.7583333333333333 0.0640625 0.1037037037037037
1 0.7083333333333334 0.9601851851851851 0.052083333333333336 0.06666666666666667
0 0.7484375 0.7268518518518519 0.0640625 0.11388888888888889
