0 0.2796296296296296 0.04791666666666667 0.11018518518518519 0.0671875
0 0.4962962962962963 0.04791666666666667 0.11018518518518519 0.07552083333333333
0 0.35185185185185186 0.6604166666666667 0.10555555555555556 0.06927083333333334
0 0.06111111111111111 0.059895833333333336 0.10740740740740741 0.07291666666666667
0 0.425 0.51875 0.12314814814814815 0.06927083333333334
1 0.05 0.53125 0.06851851851851852 0.06666666666666667
0 0.23703703703703705 0.16822916666666668 0.11203703703703703 0.05572916666666667
1 0.2111111111111111 0.6651041666666667 0.11574074074074074 0.07239583333333334
0 0.24166666666666667 0.8598958333333333 0.10462962962962963 0.06458333333333334
1 0.03981481481481482 0.7083333333333334 0.06759259259259259 0.05260416666666667
0 0.27314814814814814 0.7489583333333333 0.11481481481481481 0.06458333333333334
