1 0.34739583333333335 0.9740740740740741 0.05625 0.049074074074074076
0 0.9229166666666667 0.2740740740740741 0.07239583333333334 0.1361111111111111
0 0.035416666666666666 0.07962962962962963 0.07135416666666666 0.16018518518518518
1 0.3921875 0.24074074074074073 0.05364583333333333 0.10648148148148148
0 0.95 0.07314814814814814 0.06302083333333333 0.12037037037037036
0 0.5161458333333333 0.06018518518518518 0.04739583333333333 0.10555555555555556
0 0.8838541666666667 0.9833333333333333 0.05520833333333333 0.03148148148148148
0 0.7104166666666667 0.3824074074074074 0.06822916666666666 0.13796296296296295
0 0.15989583333333332 0.12222222222222222 0.07135416666666666 0.11574074074074074
1 0.73125 0.9648148148148148 0.0671875 0.06851851851851852
