1 0.025925925925925925 0.34739583333333335 0.05 0.05677083333333333
0 0.725925925925926 0.9234375 0.13703703703703704 0.07291666666666667
0 0.9194444444444444 0.0359375 0.16018518518518518 0.071875
1 0.7592592592592593 0.3927083333333333 0.10740740740740741 0.05416666666666667
0 0.9268518518518518 0.9505208333333334 0.12129629629629629 0.06354166666666666
0 0.9398148148148148 0.5166666666666667 0.10648148148148148 0.04791666666666667
0 0.016666666666666666 0.8838541666666667 0.032407407407407406 0.05572916666666667
0 0.6175925925925926 0.7109375 0.1388888888888889 0.06875
0 0.8777777777777778 0.16041666666666668 0.11666666666666667 0.071875
1 0.03518518518518519 0.7317708333333334 0.06944444444444445 0.06770833333333333
