0 0.27870370370370373 0.13125 0.11296296296296296 0.0484375
0 0.5842592592592593 0.5755208333333334 0.15833333333333333 0.07916666666666666
0 0.33055555555555555 0.5885416666666666 0.11388888888888889 0.071875
0 0.07685185185185185 0.8291666666666667 0.1259259259259259 0.07552083333333333
0 0.5898148148148148 0.7307291666666667 0.1175925925925926 0.06927083333333334
0 0.33240740740740743 0.8109375 0.11851851851851852 0.08854166666666667
0 0.15 0.5338541666666666 0.11388888888888889 0.08958333333333333
0 0.2657407407407407 0.9458333333333333 0.13240740740740742 0.059895833333333336
0 0.2351851851851852 0.6510416666666666 0.1175925925925926 0.084375
0 0.3472222222222222 0.019791666666666666 0.11481481481481481 0.03854166666666667
0 0.017592592592592594 0.68125 0.03425925925925926 0.04895833333333333
0 0.5805555555555556 0.8125 0.12962962962962962 0.0765625
0 0.025 0.6130208333333333 0.04259259259259259 0.058333333333333334
