0 0.13125 0.7212962962962963 0.04791666666666667 0.11203703703703703
0 0.575 0.41574074074074074 0.07864583333333333 0.1574074074074074
0 0.5880208333333333 0.6694444444444444 0.07135416666666666 0.11296296296296296
0 0.8291666666666667 0.9231481481481482 0.075 0.125
0 0.7307291666666667 0.4101851851851852 0.06875 0.11666666666666667
0 0.8104166666666667 0.6675925925925926 0.08802083333333334 0.1175925925925926
0 0.5333333333333333 0.85 0.0890625 0.11296296296296296
0 0.9458333333333333 0.7342592592592593 0.059375 0.13148148148148148
0 0.6505208333333333 0.7648148148148148 0.08385416666666666 0.11666666666666667
0 0.019270833333333334 0.6527777777777778 0.03802083333333333 0.11388888888888889
0 0.6807291666666667 0.9824074074074074 0.0484375 0.03333333333333333
0 0.8125 0.41944444444444445 0.07604166666666666 0.1287037037037037
0 0.6125 0.975 0.0578125 0.041666666666666664
