0 0.6817708333333333 0.55 0.06666666666666667 0.1388888888888889
0 0.7145833333333333 0.7472222222222222 0.0515625 0.11388888888888889
1 0.39947916666666666 0.24166666666666667 0.04739583333333333 0.125
1 0.058333333333333334 0.2101851851851852 0.05520833333333333 0.05648148148148148
1 0.38125 0.42777777777777776 0.043229166666666666 0.06388888888888888
0 0.7708333333333334 0.46111111111111114 0.0546875 0.11388888888888889
1 0.2526041666666667 0.4546296296296296 0.03854166666666667 0.08055555555555556
1 0.28125 0.2388888888888889 0.03333333333333333 0.1037037037037037
1 0.24947916666666667 0.737037037037037 0.043229166666666666 0.1638888888888889
0 0.47552083333333334 0.8111111111111111 0.051041666666666666 0.08055555555555556
1 0.17239583333333333 0.6787037037037037 0.075 0.06111111111111111
1 0.37604166666666666 0.5944444444444444 0.0625 0.06111111111111111
0 0.5369791666666667 0.33055555555555555 0.11197916666666667 0.16111111111111112
1 0.08645833333333333 0.44814814814814813 0.041666666666666664 0.040740740740740744
1 0.014583333333333334 0.6796296296296296 0.0296875 0.07685185185185185
1 0.21197916666666666 0.2037037037037037 0.04739583333333333 0.14814814814814814
1 0.13229166666666667 0.17962962962962964 0.025520833333333333 0.10648148148148148
0 0.58125 0.2962962962962963 0.053125 0.1925925925925926
