0 0.8522135416666666 0.6875 0.083984375 0.17476851851851852
0 0.8938802083333334 0.9317129629629629 0.06510416666666667 0.13657407407407407
1 0.5 0.30324074074074076 0.059895833333333336 0.1574074074074074
1 0.07291666666666667 0.2638888888888889 0.06966145833333333 0.07175925925925926
1 0.4772135416666667 0.5358796296296297 0.0546875 0.08101851851851852
0 0.9641927083333334 0.5775462962962963 0.06901041666666667 0.14351851851851852
1 0.3157552083333333 0.5694444444444444 0.048828125 0.10185185185185185
1 0.3515625 0.2986111111111111 0.042317708333333336 0.13078703703703703
1 0.3125 0.9097222222222222 0.0546875 0.18055555555555555
0 0.5944010416666666 0.9814814814814815 0.064453125 0.03587962962962963
1 0.21549479166666666 0.8483796296296297 0.09440104166666667 0.0775462962962963
1 0.4700520833333333 0.7430555555555556 0.07877604166666667 0.0775462962962963
0 0.671875 0.4131944444444444 0.140625 0.2025462962962963
1 0.10807291666666667 0.5601851851851852 0.052734375 0.052083333333333336
1 0.018880208333333332 0.8506944444444444 0.037760416666666664 0.09722222222222222
1 0.265625 0.25462962962962965 0.059895833333333336 0.1863425925925926
1 0.166015625 0.22569444444444445 0.032552083333333336 0.13425925925925927
0 0.7265625 0.37037037037037035 0.06705729166666667 0.24189814814814814
