0 0.45 0.6817708333333333 0.1398148148148148 0.0671875
0 0.25277777777777777 0.7151041666666667 0.11481481481481481 0.052083333333333336
1 0.7583333333333333 0.4 0.1259259259259259 0.04791666666666667
1 0.7898148148148149 0.058333333333333334 0.05740740740740741 0.05572916666666667
1 0.5722222222222222 0.38177083333333334 0.06481481481481481 0.04375
0 0.5388888888888889 0.7713541666666667 0.11481481481481481 0.05520833333333333
1 0.5453703703703704 0.2526041666666667 0.08148148148148149 0.0390625
1 0.7611111111111111 0.28125 0.10462962962962963 0.033854166666666664
1 0.26296296296296295 0.25 0.1648148148148148 0.04375
0 0.18888888888888888 0.47552083333333334 0.08148148148148149 0.0515625
1 0.3212962962962963 0.17239583333333333 0.062037037037037036 0.07552083333333333
1 0.40555555555555556 0.37604166666666666 0.062037037037037036 0.06302083333333333
0 0.6694444444444444 0.5375 0.16203703703703703 0.1125
1 0.5518518518518518 0.08645833333333333 0.041666666666666664 0.0421875
1 0.32037037037037036 0.015104166666666667 0.07777777777777778 0.030208333333333334
1 0.7962962962962963 0.2125 0.14907407407407408 0.04791666666666667
1 0.8203703703703704 0.1328125 0.10740740740740741 0.026041666666666668
0 0.7037037037037037 0.58125 0.1935185185185185 0.05364583333333333
