0 0.11927083333333334 0.6611111111111111 0.0828125 0.12314814814814815
1 0.603125 0.8814814814814815 0.06041666666666667 0.05740740740740741
1 0.8973958333333333 0.8462962962962963 0.05572916666666667 0.1037037037037037
0 0.0171875 0.7101851851851851 0.034375 0.09907407407407408
1 0.6005208333333333 0.39814814814814814 0.0484375 0.17037037037037037
1 0.653125 0.9453703703703704 0.025520833333333333 0.049074074074074076
1 0.6942708333333333 0.43333333333333335 0.06145833333333333 0.11574074074074074
1 0.7911458333333333 0.8166666666666667 0.0671875 0.12222222222222222
1 0.721875 0.7546296296296297 0.06875 0.10833333333333334
1 0.6270833333333333 0.6268518518518519 0.06614583333333333 0.16574074074074074
1 0.7375 0.5222222222222223 0.0265625 0.13240740740740742
1 0.8380208333333333 0.4675925925925926 0.019270833333333334 0.12685185185185185
1 0.9244791666666666 0.9564814814814815 0.05520833333333333 0.08518518518518518
