0 0.3388888888888889 0.11979166666666667 0.12407407407407407 0.08333333333333333
1 0.11851851851851852 0.603125 0.058333333333333334 0.0609375
1 0.1537037037037037 0.8979166666666667 0.10462962962962963 0.05625
0 0.2898148148148148 0.0171875 0.1 0.034895833333333334
1 0.6018518518518519 0.6010416666666667 0.1712962962962963 0.04895833333333333
1 0.05462962962962963 0.6536458333333334 0.05 0.026041666666666668
1 0.5666666666666667 0.6942708333333333 0.11666666666666667 0.06197916666666667
1 0.18333333333333332 0.7916666666666666 0.12314814814814815 0.06770833333333333
1 0.24537037037037038 0.721875 0.10925925925925926 0.06927083333333334
1 0.3731481481481482 0.6276041666666666 0.16666666666666666 0.06666666666666667
1 0.4777777777777778 0.7380208333333333 0.13333333333333333 0.027083333333333334
1 0.5324074074074074 0.8385416666666666 0.12777777777777777 0.019791666666666666
1 0.04351851851851852 0.9244791666666666 0.08611111111111111 0.05572916666666667
