0 0.5861111111111111 0.5854166666666667 0.16574074074074074 0.0921875
0 0.5731481481481482 0.234375 0.13703703703703704 0.07239583333333334
0 0.2222222222222222 0.13333333333333333 0.10092592592592593 0.06822916666666666
1 0.2935185185185185 0.39895833333333336 0.06666666666666667 0.059895833333333336
0 0.27870370370370373 0.28541666666666665 0.10462962962962963 0.06041666666666667
0 0.7083333333333334 0.4609375 0.08888888888888889 0.052083333333333336
0 0.2074074074074074 0.2234375 0.15648148148148147 0.0625
0 0.3768518518518518 0.07760416666666667 0.11388888888888889 0.05520833333333333
1 0.49722222222222223 0.32083333333333336 0.12962962962962962 0.03177083333333333
0 0.8537037037037037 0.09270833333333334 0.1925925925925926 0.06041666666666667
0 0.2722222222222222 0.6479166666666667 0.062037037037037036 0.03697916666666667
1 0.5259259259259259 0.7119791666666667 0.0962962962962963 0.022395833333333334
0 0.625 0.8078125 0.06944444444444445 0.03802083333333333
0 0.32037037037037036 0.7453125 0.05925925925925926 0.03697916666666667
1 0.27870370370370373 0.015104166666666667 0.13425925925925927 0.030729166666666665
1 0.8296296296296296 0.7526041666666666 0.07962962962962963 0.08333333333333333
1 0.2462962962962963 0.5265625 0.1037037037037037 0.03802083333333333
1 0.7333333333333333 0.309375 0.05092592592592592 0.06354166666666666
