0 0.5854166666666667 0.41388888888888886 0.09166666666666666 0.1648148148148148
0 0.234375 0.42685185185185187 0.071875 0.1361111111111111
0 0.13333333333333333 0.7777777777777778 0.06770833333333333 0.1
1 0.39895833333333336 0.7064814814814815 0.059375 0.06574074074074074
0 0.28489583333333335 0.7212962962962963 0.059895833333333336 0.1037037037037037
0 0.46041666666666664 0.2916666666666667 0.0515625 0.08796296296296297
0 0.22291666666666668 0.7925925925925926 0.06197916666666667 0.15555555555555556
0 0.07708333333333334 0.6231481481481481 0.0546875 0.11296296296296296
1 0.32083333333333336 0.5027777777777778 0.03125 0.1287037037037037
0 0.0921875 0.14629629629629629 0.059895833333333336 0.19166666666666668
0 0.6479166666666667 0.7277777777777777 0.036458333333333336 0.06111111111111111
1 0.7119791666666667 0.4740740740740741 0.021875 0.09537037037037037
0 0.8078125 0.375 0.0375 0.06851851851851852
0 0.7453125 0.6796296296296296 0.036458333333333336 0.058333333333333334
1 0.015104166666666667 0.7212962962962963 0.030208333333333334 0.13333333333333333
1 0.7520833333333333 0.17037037037037037 0.0828125 0.0787037037037037
1 0.5265625 0.7537037037037037 0.0375 0.10277777777777777
1 0.30885416666666665 0.26666666666666666 0.06302083333333333 0.05
