0 0.7317708333333334 0.5173611111111112 0.115234375 0.20717592592592593
0 0.29296875 0.5347222222222222 0.09049479166666667 0.1712962962962963
0 0.16666666666666666 0.9548611111111112 0.08528645833333333 0.09027777777777778
1 0.4986979166666667 0.8842592592592593 0.07486979166666667 0.08333333333333333
0 0.3567708333333333 0.9016203703703703 0.07552083333333333 0.13078703703703703
0 0.576171875 0.36574074074074076 0.06510416666666667 0.1111111111111111
0 0.279296875 0.9467592592592593 0.078125 0.10648148148148148
0 0.09700520833333333 0.7789351851851852 0.06901041666666667 0.1423611111111111
1 0.4010416666666667 0.6296296296296297 0.039713541666666664 0.16203703703703703
0 0.11588541666666667 0.1840277777777778 0.07552083333333333 0.24074074074074073
0 0.8098958333333334 0.9097222222222222 0.046223958333333336 0.0775462962962963
1 0.8899739583333334 0.59375 0.027994791666666668 0.12037037037037036
0 0.9928385416666666 0.46875 0.013671875 0.08680555555555555
0 0.931640625 0.8506944444444444 0.046223958333333336 0.07407407407407407
1 0.018880208333333332 0.9016203703703703 0.038411458333333336 0.16782407407407407
1 0.9407552083333334 0.21412037037037038 0.10416666666666667 0.09953703703703703
1 0.658203125 0.9386574074074074 0.047526041666666664 0.12152777777777778
1 0.38671875 0.3333333333333333 0.07942708333333333 0.06365740740740741
