0 0.5510416666666667 0.8314814814814815 0.0421875 0.07314814814814814
0 0.6479166666666667 0.9657407407407408 0.04583333333333333 0.06574074074074074
0 0.49166666666666664 0.7111111111111111 0.04114583333333333 0.07592592592592592
0 0.5765625 0.9666666666666667 0.046875 0.06388888888888888
0 0.4791666666666667 0.975 0.041666666666666664 0.04814814814814815
0 0.7802083333333333 0.924074074074074 0.05 0.09259259259259259
0 0.7260416666666667 0.9351851851851852 0.046875 0.08611111111111111
0 0.5791666666666667 0.8962962962962963 0.035416666666666666 0.06666666666666667
0 0.5088541666666667 0.8925925925925926 0.05260416666666667 0.08796296296296297
0 0.6552083333333333 0.6277777777777778 0.05625 0.08888888888888889
0 0.5182291666666666 0.5212962962962963 0.042708333333333334 0.0787037037037037
0 0.9145833333333333 0.24722222222222223 0.04583333333333333 0.08425925925925926
0 0.7598958333333333 0.8703703703703703 0.03958333333333333 0.06574074074074074
0 0.6838541666666667 0.7240740740740741 0.04010416666666667 0.07037037037037037
0 0.42864583333333334 0.5333333333333333 0.04635416666666667 0.09907407407407408
0 0.6765625 0.1037037037037037 0.03802083333333333 0.08425925925925926
