0 0.1685185185185185 0.5515625 0.07407407407407407 0.042708333333333334
0 0.03425925925925926 0.6479166666666667 0.06666666666666667 0.04635416666666667
0 0.28888888888888886 0.4921875 0.07685185185185185 0.041666666666666664
0 0.03333333333333333 0.5765625 0.06481481481481481 0.04739583333333333
0 0.025 0.4791666666666667 0.049074074074074076 0.0421875
0 0.07592592592592592 0.7802083333333333 0.09351851851851851 0.050520833333333334
0 0.06481481481481481 0.7260416666666667 0.08703703703703704 0.04739583333333333
0 0.1037037037037037 0.5791666666666667 0.06759259259259259 0.0359375
0 0.10740740740740741 0.509375 0.08888888888888889 0.053125
0 0.37222222222222223 0.6552083333333333 0.08981481481481482 0.05677083333333333
0 0.4787037037037037 0.5182291666666666 0.07962962962962963 0.043229166666666666
0 0.7527777777777778 0.9145833333333333 0.08518518518518518 0.04635416666666667
0 0.12962962962962962 0.7598958333333333 0.06666666666666667 0.04010416666666667
0 0.2759259259259259 0.684375 0.0712962962962963 0.040625
0 0.4666666666666667 0.42916666666666664 0.1 0.046875
0 0.8962962962962963 0.6770833333333334 0.08518518518518518 0.03854166666666667
