0 0.99609375 0.5972222222222222 0.0078125 0.2511574074074074
0 0.728515625 0.29398148148148145 0.080078125 0.16550925925925927
0 0.435546875 0.43287037037037035 0.08984375 0.16319444444444445
0 0.578125 0.9131944444444444 0.10872395833333333 0.1736111111111111
0 0.8528645833333334 0.9502314814814815 0.13932291666666666 0.09953703703703703
0 0.4134114583333333 0.7534722222222222 0.056640625 0.09837962962962964
0 0.5501302083333334 0.3993055555555556 0.1015625 0.19212962962962962
0 0.849609375 0.7627314814814815 0.08854166666666667 0.16550925925925927
0 0.5240885416666666 0.6944444444444444 0.10677083333333333 0.16666666666666666
0 0.4908854166666667 0.8518518518518519 0.087890625 0.15046296296296297
0 0.7571614583333334 0.7777777777777778 0.111328125 0.3125
