0 0.8598958333333333 0.4777777777777778 0.13229166666666667 0.2
0 0.5828125 0.2351851851851852 0.06354166666666666 0.13148148148148148
0 0.34791666666666665 0.34629629629629627 0.07135416666666666 0.12962962962962962
0 0.4625 0.7962962962962963 0.08645833333333333 0.27037037037037037
0 0.6817708333333333 0.8009259259259259 0.1109375 0.16111111111111112
0 0.3307291666666667 0.6027777777777777 0.04479166666666667 0.07777777777777778
0 0.4395833333333333 0.31851851851851853 0.08072916666666667 0.1527777777777778
0 0.6791666666666667 0.6101851851851852 0.0703125 0.13148148148148148
0 0.41875 0.5546296296296296 0.08489583333333334 0.13240740740740742
0 0.3927083333333333 0.6805555555555556 0.06979166666666667 0.11944444444444445
0 0.6057291666666667 0.6212962962962963 0.08854166666666667 0.2490740740740741
