0 0.5222222222222223 0.8598958333333333 0.20092592592592592 0.1328125
0 0.7648148148148148 0.5828125 0.13240740740740742 0.0640625
0 0.6537037037037037 0.3484375 0.13055555555555556 0.071875
0 0.2037037037037037 0.4625 0.2712962962962963 0.08697916666666666
0 0.19907407407407407 0.6822916666666666 0.16203703703703703 0.11145833333333334
0 0.3972222222222222 0.3307291666666667 0.0787037037037037 0.0453125
0 0.6814814814814815 0.4401041666666667 0.1537037037037037 0.08125
0 0.38981481481481484 0.6796875 0.13240740740740742 0.07083333333333333
0 0.44537037037037036 0.4192708333333333 0.13333333333333333 0.08541666666666667
0 0.3194444444444444 0.3927083333333333 0.12037037037037036 0.0703125
0 0.3787037037037037 0.6057291666666667 0.25 0.0890625
