0 0.17083333333333334 0.8157407407407408 0.03229166666666667 0.06481481481481481
0 0.4828125 0.34444444444444444 0.0265625 0.062037037037037036
0 0.4661458333333333 0.8962962962962963 0.04583333333333333 0.08703703703703704
0 0.065625 0.2388888888888889 0.036458333333333336 0.07685185185185185
0 0.16458333333333333 0.5787037037037037 0.08072916666666667 0.08611111111111111
0 0.23125 0.9361111111111111 0.027083333333333334 0.05092592592592592
0 0.125 0.7759259259259259 0.0328125 0.06296296296296296
0 0.296875 0.5944444444444444 0.035416666666666666 0.07222222222222222
0 0.40520833333333334 0.32685185185185184 0.019270833333333334 0.040740740740740744
0 0.4203125 0.7444444444444445 0.022395833333333334 0.03518518518518519
