0 0.18425925925925926 0.17083333333333334 0.06574074074074074 0.0328125
0 0.6555555555555556 0.48333333333333334 0.06296296296296296 0.027083333333333334
0 0.1037037037037037 0.4661458333333333 0.08796296296296297 0.04635416666666667
0 0.7611111111111111 0.065625 0.07777777777777778 0.03697916666666667
0 0.4212962962962963 0.16510416666666666 0.08703703703703704 0.08125
0 0.06388888888888888 0.23125 0.05185185185185185 0.027604166666666666
0 0.22407407407407406 0.12552083333333333 0.06388888888888888 0.03333333333333333
0 0.40555555555555556 0.296875 0.07314814814814814 0.0359375
0 0.6731481481481482 0.40572916666666664 0.041666666666666664 0.019791666666666666
0 0.25555555555555554 0.42083333333333334 0.03611111111111111 0.022916666666666665
