0 0.08802083333333334 0.5314814814814814 0.07708333333333334 0.15462962962962962
0 0.146875 0.21851851851851853 0.08125 0.17962962962962964
0 0.18072916666666666 0.5342592592592592 0.07239583333333334 0.13425925925925927
0 0.040625 0.13425925925925927 0.08177083333333333 0.1787037037037037
0 0.340625 0.1259259259259259 0.08333333333333333 0.16203703703703703
0 0.48854166666666665 0.18518518518518517 0.06770833333333333 0.1425925925925926
1 0.090625 0.9611111111111111 0.06197916666666667 0.06944444444444445
0 0.28541666666666665 0.787962962962963 0.07604166666666666 0.13796296296296295
0 0.4166666666666667 0.6925925925925925 0.078125 0.13425925925925927
0 0.35989583333333336 0.39814814814814814 0.09166666666666666 0.13425925925925927
0 0.015625 0.3212962962962963 0.03177083333333333 0.11388888888888889
1 0.24635416666666668 0.9222222222222223 0.028125 0.1537037037037037
0 0.16041666666666668 0.7944444444444444 0.06302083333333333 0.09444444444444444
0 0.4166666666666667 0.9638888888888889 0.09895833333333333 0.06944444444444445
