0 0.11002604166666667 0.6655092592592593 0.09700520833333333 0.19444444444444445
0 0.18359375 0.27314814814814814 0.10221354166666667 0.22569444444444445
0 0.2265625 0.6689814814814815 0.09114583333333333 0.16898148148148148
0 0.051432291666666664 0.16898148148148148 0.10286458333333333 0.22453703703703703
0 0.42578125 0.15856481481481483 0.10481770833333333 0.2037037037037037
0 0.6106770833333334 0.23148148148148148 0.08528645833333333 0.17939814814814814
0 0.3567708333333333 0.9490740740740741 0.095703125 0.10069444444444445
0 0.5208333333333334 0.8668981481481481 0.09830729166666667 0.16898148148148148
0 0.4498697916666667 0.4988425925925926 0.115234375 0.16898148148148148
0 0.020182291666666668 0.4027777777777778 0.040364583333333336 0.14351851851851852
0 0.201171875 0.9664351851851852 0.07942708333333333 0.06597222222222222
