0 0.4685185185185185 0.08802083333333334 0.15555555555555556 0.07760416666666667
0 0.7814814814814814 0.146875 0.18055555555555555 0.08177083333333333
0 0.46574074074074073 0.18125 0.13518518518518519 0.07291666666666667
0 0.8657407407407407 0.04114583333333333 0.17962962962962964 0.08229166666666667
0 0.8740740740740741 0.340625 0.16296296296296298 0.08385416666666666
0 0.8148148148148148 0.48854166666666665 0.14351851851851852 0.06822916666666666
1 0.03888888888888889 0.09114583333333333 0.07037037037037037 0.0625
0 0.21203703703703702 0.28541666666666665 0.1388888888888889 0.0765625
0 0.3074074074074074 0.4166666666666667 0.13518518518518519 0.07864583333333333
0 0.6018518518518519 0.35989583333333336 0.13518518518518519 0.0921875
0 0.6787037037037037 0.016145833333333335 0.11481481481481481 0.03229166666666667
1 0.07777777777777778 0.24635416666666668 0.15462962962962962 0.028645833333333332
0 0.20555555555555555 0.1609375 0.09537037037037037 0.06354166666666666
0 0.03611111111111111 0.4166666666666667 0.07037037037037037 0.09947916666666666
