1 0.7527777777777778 0.09270833333333334 0.10648148148148148 0.0828125
1 0.2212962962962963 0.5473958333333333 0.08333333333333333 0.06145833333333333
1 0.0712962962962963 0.2552083333333333 0.1259259259259259 0.04895833333333333
1 0.5740740740740741 0.38645833333333335 0.09166666666666666 0.06458333333333334
1 0.8379629629629629 0.5078125 0.09444444444444444 0.0734375
1 0.40370370370370373 0.5557291666666667 0.11666666666666667 0.0296875
1 0.5092592592592593 0.1421875 0.13796296296296295 0.040625
1 0.0712962962962963 0.13645833333333332 0.12962962962962962 0.051041666666666666
1 0.9333333333333333 0.25729166666666664 0.13333333333333333 0.041666666666666664
1 0.3712962962962963 0.20104166666666667 0.13518518518518519 0.059895833333333336
1 0.09074074074074075 0.4828125 0.0787037037037037 0.053125
1 0.4675925925925926 0.4869791666666667 0.17222222222222222 0.06666666666666667
1 0.9407407407407408 0.4140625 0.1175925925925926 0.04114583333333333
1 0.29444444444444445 0.353125 0.08518518518518518 0.0640625
