1 0.09270833333333334 0.24722222222222223 0.08229166666666667 0.10555555555555556
1 0.546875 0.7787037037037037 0.0609375 0.0824074074074074
1 0.2546875 0.9287037037037037 0.0484375 0.125
1 0.3859375 0.42592592592592593 0.0640625 0.09074074074074075
1 0.5078125 0.16203703703703703 0.07291666666666667 0.09351851851851851
1 0.5557291666666667 0.5962962962962963 0.029166666666666667 0.11574074074074074
1 0.14166666666666666 0.49074074074074076 0.04010416666666667 0.13703703703703704
1 0.1359375 0.9287037037037037 0.050520833333333334 0.1287037037037037
1 0.25677083333333334 0.06666666666666667 0.04114583333333333 0.13333333333333333
1 0.20104166666666667 0.6287037037037037 0.059375 0.13425925925925927
1 0.4822916666666667 0.9092592592592592 0.05260416666666667 0.07777777777777778
1 0.4864583333333333 0.5324074074074074 0.06614583333333333 0.1712962962962963
1 0.4140625 0.058333333333333334 0.040625 0.1175925925925926
1 0.353125 0.7055555555555556 0.06354166666666666 0.08425925925925926
