1 0.11588541666666667 0.3090277777777778 0.103515625 0.13310185185185186
1 0.6842447916666666 0.9606481481481481 0.07682291666666667 0.0775462962962963
1 0.4830729166666667 0.5324074074074074 0.08072916666666667 0.11458333333333333
1 0.634765625 0.2037037037037037 0.091796875 0.11805555555555555
1 0.6946614583333334 0.7465277777777778 0.037109375 0.14583333333333334
1 0.177734375 0.6134259259259259 0.05078125 0.1724537037037037
1 0.3216145833333333 0.08333333333333333 0.052083333333333336 0.16782407407407407
1 0.2513020833333333 0.7870370370370371 0.07486979166666667 0.16898148148148148
1 0.6087239583333334 0.6666666666666666 0.08333333333333333 0.2152777777777778
1 0.517578125 0.07407407407407407 0.051432291666666664 0.14814814814814814
1 0.44140625 0.8831018518518519 0.080078125 0.10648148148148148
