1 0.45677083333333335 0.5601851851851852 0.05260416666666667 0.06296296296296296
1 0.7630208333333334 0.8037037037037037 0.019791666666666666 0.07407407407407407
1 0.4578125 0.3962962962962963 0.03125 0.1
1 0.734375 0.5055555555555555 0.0515625 0.05740740740740741
1 0.6473958333333333 0.6833333333333333 0.0421875 0.05925925925925926
1 0.48072916666666665 0.7268518518518519 0.0265625 0.09722222222222222
1 0.5625 0.43425925925925923 0.030729166666666665 0.10462962962962963
1 0.07083333333333333 0.3101851851851852 0.049479166666666664 0.10277777777777777
1 0.7125 0.7574074074074074 0.04895833333333333 0.11666666666666667
1 0.1140625 0.7814814814814814 0.058333333333333334 0.05462962962962963
1 0.6692708333333334 0.42962962962962964 0.03333333333333333 0.08796296296296297
1 0.7614583333333333 0.925 0.04375 0.04722222222222222
1 0.6421875 0.8657407407407407 0.0328125 0.06666666666666667
1 0.5260416666666666 0.8166666666666667 0.0421875 0.07037037037037037
