1 0.5716145833333334 0.7002314814814815 0.06640625 0.0798611111111111
1 0.9537760416666666 0.9791666666666666 0.025390625 0.041666666666666664
1 0.572265625 0.49537037037037035 0.039713541666666664 0.1261574074074074
1 0.9186197916666666 0.6319444444444444 0.06510416666666667 0.07291666666666667
1 0.8098958333333334 0.8541666666666666 0.053385416666666664 0.07523148148148148
1 0.6015625 0.9097222222222222 0.033854166666666664 0.12268518518518519
1 0.7037760416666666 0.5439814814814815 0.0390625 0.13194444444444445
1 0.08919270833333333 0.3888888888888889 0.0625 0.12962962962962962
1 0.890625 0.9363425925925926 0.061848958333333336 0.1261574074074074
1 0.142578125 0.9710648148148148 0.07356770833333333 0.056712962962962965
1 0.8365885416666666 0.5381944444444444 0.042317708333333336 0.1111111111111111
1 0.658203125 0.9884259259259259 0.053385416666666664 0.023148148148148147
