1 0.4398148148148148 0.45729166666666665 0.06388888888888888 0.053125
1 0.1962962962962963 0.7630208333333334 0.075 0.0203125
1 0.6037037037037037 0.4578125 0.10092592592592593 0.03177083333333333
1 0.49444444444444446 0.7348958333333333 0.058333333333333334 0.052083333333333336
1 0.31666666666666665 0.6479166666666667 0.06018518518518518 0.042708333333333334
1 0.27314814814814814 0.48125 0.09814814814814815 0.027083333333333334
1 0.5657407407407408 0.5630208333333333 0.10555555555555556 0.03125
1 0.6898148148148148 0.07135416666666666 0.1037037037037037 0.05
1 0.24259259259259258 0.7125 0.1175925925925926 0.049479166666666664
1 0.21851851851851853 0.1140625 0.05555555555555555 0.058854166666666666
1 0.5703703703703704 0.6692708333333334 0.08888888888888889 0.033854166666666664
1 0.075 0.7614583333333333 0.04814814814814815 0.044270833333333336
1 0.13425925925925927 0.6427083333333333 0.06759259259259259 0.03333333333333333
1 0.18333333333333332 0.5265625 0.0712962962962963 0.042708333333333334
