0 0.725 0.6619791666666667 0.09722222222222222 0.06614583333333333
0 0.12777777777777777 0.019270833333333334 0.10833333333333334 0.03854166666666667
0 0.6509259259259259 0.046875 0.11018518518518519 0.0640625
0 0.20833333333333334 0.5270833333333333 0.10462962962962963 0.050520833333333334
0 0.6092592592592593 0.16822916666666668 0.11481481481481481 0.05677083333333333
0 0.20833333333333334 0.10729166666666666 0.10555555555555556 0.059895833333333336
0 0.7972222222222223 0.5192708333333333 0.12685185185185185 0.06875
1 0.4111111111111111 0.709375 0.07037037037037037 0.04895833333333333
1 0.42314814814814816 0.53125 0.058333333333333334 0.06458333333333334
0 0.032407407407407406 0.5140625 0.06296296296296296 0.07604166666666666
0 0.8731481481481481 0.049479166666666664 0.11574074074074074 0.07760416666666667
1 0.5851851851851851 0.6614583333333334 0.10740740740740741 0.07239583333333334
0 0.42592592592592593 0.059375 0.11944444444444445 0.06979166666666667
1 0.6398148148148148 0.7520833333333333 0.09814814814814815 0.06875
0 0.6129629629629629 0.8635416666666667 0.09907407407407408 0.05364583333333333
