0 0.6619791666666667 0.275 0.065625 0.0962962962962963
0 0.01875 0.8722222222222222 0.03802083333333333 0.10740740740740741
0 0.046875 0.3490740740740741 0.06354166666666666 0.10925925925925926
0 0.5270833333333333 0.7916666666666666 0.05 0.1037037037037037
0 0.16822916666666668 0.3907407407407407 0.05625 0.11388888888888889
0 0.10729166666666666 0.7916666666666666 0.059375 0.10462962962962963
0 0.51875 0.20277777777777778 0.06822916666666666 0.1259259259259259
1 0.7088541666666667 0.5888888888888889 0.0484375 0.06944444444444445
1 0.5307291666666667 0.5768518518518518 0.0640625 0.05740740740740741
0 0.5135416666666667 0.9675925925925926 0.07552083333333333 0.062037037037037036
0 0.049479166666666664 0.12685185185185185 0.07708333333333334 0.11481481481481481
1 0.6614583333333334 0.4148148148148148 0.071875 0.10648148148148148
0 0.058854166666666666 0.5740740740740741 0.06927083333333334 0.11851851851851852
1 0.7515625 0.36018518518518516 0.06822916666666666 0.09722222222222222
0 0.8635416666666667 0.387037037037037 0.053125 0.09814814814814815
