0 0.8274739583333334 0.34375 0.08268229166666667 0.12152777777777778
0 0.05859375 0.4363425925925926 0.080078125 0.13773148148148148
0 0.6588541666666666 0.9618055555555556 0.06315104166666667 0.07523148148148148
0 0.21028645833333334 0.4895833333333333 0.07096354166666667 0.14351851851851852
0 0.13411458333333334 0.9618055555555556 0.07486979166666667 0.07523148148148148
0 0.6490885416666666 0.2534722222222222 0.0859375 0.15856481481481483
1 0.88671875 0.7372685185185185 0.061197916666666664 0.08796296296296297
1 0.6640625 0.7210648148148148 0.08072916666666667 0.07291666666666667
0 0.061848958333333336 0.15856481481481483 0.09700520833333333 0.14467592592592593
1 0.8268229166666666 0.5196759259259259 0.09049479166666667 0.13425925925925927
0 0.07421875 0.7175925925925926 0.08723958333333333 0.14930555555555555
1 0.9401041666666666 0.4513888888888889 0.0859375 0.12268518518518519
