0 0.95 0.9305555555555556 0.0890625 0.13055555555555556
0 0.8015625 0.8564814814814815 0.07395833333333333 0.1175925925925926
1 0.24322916666666666 0.6777777777777778 0.028125 0.08611111111111111
0 0.875 0.6851851851851852 0.07864583333333333 0.16944444444444445
1 0.14791666666666667 0.6824074074074075 0.05572916666666667 0.04259259259259259
1 0.10104166666666667 0.7833333333333333 0.044270833333333336 0.08148148148148149
0 0.8036458333333333 0.9740740740740741 0.0640625 0.05
1 0.0609375 0.9583333333333334 0.05260416666666667 0.0787037037037037
1 0.0421875 0.7490740740740741 0.06666666666666667 0.06574074074074074
0 0.6791666666666667 0.9611111111111111 0.043229166666666666 0.075
1 0.3489583333333333 0.6166666666666667 0.0578125 0.07222222222222222
1 0.3078125 0.8175925925925925 0.035416666666666666 0.08333333333333333
1 0.4171875 0.9185185185185185 0.03802083333333333 0.06759259259259259
1 0.45625 0.6712962962962963 0.0359375 0.05925925925925926
0 0.9760416666666667 0.7638888888888888 0.04635416666666667 0.15
1 0.47291666666666665 0.7592592592592593 0.036458333333333336 0.06759259259259259
1 0.5921875 0.875 0.03177083333333333 0.08333333333333333
1 0.734375 0.6731481481481482 0.05677083333333333 0.2175925925925926
1 0.6140625 0.6953703703703704 0.035416666666666666 0.10740740740740741
