0 0.9778645833333334 0.9988425925925926 0.044270833333333336 0.0023148148148148147
1 0.3040364583333333 0.8483796296296297 0.035807291666666664 0.1087962962962963
1 0.185546875 0.8530092592592593 0.0703125 0.05439814814814815
1 0.126953125 0.9641203703703703 0.055989583333333336 0.07175925925925926
1 0.052734375 0.9375 0.083984375 0.08333333333333333
1 0.4368489583333333 0.7708333333333334 0.07291666666666667 0.09143518518518519
1 0.384765625 0.9849537037037037 0.044921875 0.03009259259259259
1 0.5709635416666666 0.8391203703703703 0.045572916666666664 0.07523148148148148
1 0.5911458333333334 0.9502314814814815 0.046223958333333336 0.08564814814814815
1 0.9186197916666666 0.8425925925925926 0.07161458333333333 0.27314814814814814
1 0.767578125 0.8692129629629629 0.044921875 0.13541666666666666
