0 0.06944444444444445 0.9505208333333334 0.13148148148148148 0.08958333333333333
0 0.14351851851851852 0.8015625 0.11851851851851852 0.07447916666666667
1 0.32222222222222224 0.24322916666666666 0.08703703703703704 0.028645833333333332
0 0.3148148148148148 0.8755208333333333 0.17037037037037037 0.07916666666666666
1 0.3175925925925926 0.1484375 0.04351851851851852 0.05625
1 0.21666666666666667 0.1015625 0.0824074074074074 0.04479166666666667
0 0.025925925925925925 0.8041666666666667 0.05092592592592592 0.06458333333333334
1 0.041666666666666664 0.06145833333333333 0.07962962962962963 0.053125
1 0.25092592592592594 0.0421875 0.06666666666666667 0.0671875
0 0.03888888888888889 0.6796875 0.07592592592592592 0.04375
1 0.38333333333333336 0.3494791666666667 0.07314814814814814 0.058333333333333334
1 0.1824074074074074 0.3078125 0.08425925925925926 0.0359375
1 0.08148148148148149 0.41770833333333335 0.06851851851851852 0.03854166666666667
1 0.3287037037037037 0.45677083333333335 0.06018518518518518 0.036458333333333336
0 0.2361111111111111 0.9765625 0.15092592592592594 0.046875
1 0.24074074074074073 0.47291666666666665 0.06851851851851852 0.03697916666666667
1 0.125 0.5927083333333333 0.08425925925925926 0.03229166666666667
1 0.32685185185185184 0.7348958333333333 0.21851851851851853 0.057291666666666664
1 0.30462962962962964 0.6140625 0.10833333333333334 0.0359375
