0 0.08125 0.46296296296296297 0.08385416666666666 0.15833333333333333
0 0.6640625 0.35 0.08229166666666667 0.16666666666666666
0 0.159375 0.8388888888888889 0.0828125 0.1648148148148148
0 0.8046875 0.37222222222222223 0.0765625 0.11481481481481481
0 0.5630208333333333 0.49166666666666664 0.06197916666666667 0.1
1 0.95625 0.37592592592592594 0.06510416666666667 0.15
0 0.2859375 0.8694444444444445 0.0671875 0.10462962962962963
0 0.6697916666666667 0.812037037037037 0.0546875 0.10462962962962963
1 0.5171875 0.6759259259259259 0.0421875 0.12685185185185185
1 0.2203125 0.325 0.03177083333333333 0.18611111111111112
1 0.4322916666666667 0.4083333333333333 0.07239583333333334 0.09166666666666666
1 0.3546875 0.6444444444444445 0.06666666666666667 0.11666666666666667
1 0.9677083333333333 0.7064814814814815 0.0546875 0.10740740740740741
