0 0.10221354166666667 0.5798611111111112 0.10546875 0.19907407407407407
0 0.830078125 0.4375 0.103515625 0.20949074074074073
0 0.19986979166666666 0.9722222222222222 0.10416666666666667 0.05439814814814815
0 0.9791666666666666 0.4652777777777778 0.041666666666666664 0.14467592592592593
0 0.7044270833333334 0.6145833333333334 0.078125 0.1261574074074074
0 0.837890625 0.9745370370370371 0.06901041666666667 0.04976851851851852
1 0.6471354166666666 0.8460648148148148 0.053385416666666664 0.1597222222222222
1 0.2760416666666667 0.4074074074074074 0.040364583333333336 0.2337962962962963
1 0.541015625 0.5115740740740741 0.09114583333333333 0.11574074074074074
1 0.443359375 0.8055555555555556 0.083984375 0.14699074074074073
