0 0.5370370370370371 0.08177083333333333 0.15925925925925927 0.084375
0 0.65 0.6640625 0.1675925925925926 0.0828125
0 0.16111111111111112 0.15989583333333332 0.16574074074074074 0.08333333333333333
0 0.6277777777777778 0.8052083333333333 0.11574074074074074 0.07708333333333334
0 0.5083333333333333 0.5635416666666667 0.10092592592592593 0.0625
1 0.6240740740740741 0.9567708333333333 0.15092592592592594 0.065625
0 0.13055555555555556 0.2864583333333333 0.10555555555555556 0.06770833333333333
0 0.18796296296296297 0.6703125 0.10555555555555556 0.05520833333333333
1 0.32407407407407407 0.5177083333333333 0.12777777777777777 0.042708333333333334
1 0.675 0.22083333333333333 0.18703703703703703 0.03229166666666667
1 0.5916666666666667 0.4328125 0.09259259259259259 0.07291666666666667
1 0.35555555555555557 0.3546875 0.1175925925925926 0.0671875
1 0.2935185185185185 0.9682291666666667 0.10833333333333334 0.05520833333333333
