0 0.6869791666666667 0.6666666666666666 0.06822916666666666 0.1398148148148148
1 0.5244791666666667 0.9324074074074075 0.065625 0.08518518518518518
0 0.19270833333333334 0.7175925925925926 0.0765625 0.1111111111111111
0 0.828125 0.55 0.0765625 0.12407407407407407
0 0.5338541666666666 0.48518518518518516 0.08697916666666666 0.11666666666666667
0 0.8598958333333333 0.7824074074074074 0.0640625 0.10092592592592593
0 0.6109375 0.6537037037037037 0.052083333333333336 0.1388888888888889
0 0.6526041666666667 0.8638888888888889 0.049479166666666664 0.09351851851851851
0 0.5744791666666667 0.06481481481481481 0.0765625 0.13055555555555556
0 0.13072916666666667 0.3527777777777778 0.046875 0.11481481481481481
0 0.7380208333333333 0.8638888888888889 0.059375 0.10833333333333334
1 0.6161458333333333 0.9703703703703703 0.04114583333333333 0.05462962962962963
0 0.94375 0.36203703703703705 0.058854166666666666 0.13055555555555556
0 0.728125 0.041666666666666664 0.06302083333333333 0.08425925925925926
0 0.6510416666666666 0.3962962962962963 0.08854166666666667 0.12314814814814815
0 0.5260416666666666 0.7203703703703703 0.059895833333333336 0.09259259259259259
0 0.5890625 0.2972222222222222 0.0703125 0.11203703703703703
0 0.018229166666666668 0.28888888888888886 0.03697916666666667 0.10925925925925926
0 0.8109375 0.2953703703703704 0.08802083333333334 0.11481481481481481
0 0.8130208333333333 0.053703703703703705 0.07864583333333333 0.10833333333333334
0 0.0109375 0.9740740740740741 0.022395833333333334 0.04722222222222222
1 0.7213541666666666 0.9481481481481482 0.0390625 0.1
