0 0.3333333333333333 0.6875 0.14074074074074075 0.06875
1 0.06759259259259259 0.5244791666666667 0.08611111111111111 0.06614583333333333
0 0.2824074074074074 0.19322916666666667 0.11203703703703703 0.07708333333333334
0 0.45 0.8286458333333333 0.125 0.07708333333333334
0 0.5148148148148148 0.534375 0.1175925925925926 0.0875
0 0.2175925925925926 0.8604166666666667 0.10185185185185185 0.06458333333333334
0 0.34629629629629627 0.6109375 0.1398148148148148 0.05260416666666667
0 0.1361111111111111 0.653125 0.09444444444444444 0.05
0 0.9342592592592592 0.575 0.13055555555555556 0.07708333333333334
0 0.6472222222222223 0.13072916666666667 0.11574074074074074 0.04739583333333333
0 0.1361111111111111 0.7380208333333333 0.10925925925925926 0.059895833333333336
1 0.02962962962962963 0.6166666666666667 0.05555555555555555 0.041666666666666664
0 0.637962962962963 0.9442708333333333 0.13148148148148148 0.059375
0 0.9574074074074074 0.7286458333333333 0.08425925925925926 0.06354166666666666
0 0.6037037037037037 0.6510416666666666 0.12407407407407407 0.0890625
0 0.2796296296296296 0.5265625 0.09351851851851851 0.06041666666666667
0 0.7027777777777777 0.5895833333333333 0.11296296296296296 0.07083333333333333
0 0.7111111111111111 0.01875 0.11018518518518519 0.0375
0 0.7046296296296296 0.8114583333333333 0.11574074074074074 0.08854166666666667
0 0.9453703703703704 0.8135416666666667 0.10833333333333334 0.07916666666666666
0 0.025925925925925925 0.011458333333333333 0.04814814814814815 0.022916666666666665
1 0.05185185185185185 0.721875 0.10092592592592593 0.03958333333333333
