0 0.859375 0.8344907407407407 0.0859375 0.17592592592592593
0 0.24153645833333334 0.8969907407407407 0.09635416666666667 0.1400462962962963
0 0.9934895833333334 0.6875 0.012369791666666666 0.15625
0 0.66796875 0.6064814814814815 0.109375 0.14699074074074073
0 0.763671875 0.8171296296296297 0.06575520833333333 0.17476851851851852
0 0.71875 0.08217592592592593 0.09635416666666667 0.16435185185185186
0 0.16341145833333334 0.4409722222222222 0.059244791666666664 0.14467592592592593
0 0.9108072916666666 0.05324074074074074 0.07942708333333333 0.10648148148148148
0 0.8138020833333334 0.4965277777777778 0.111328125 0.1550925925925926
0 0.658203125 0.9004629629629629 0.07552083333333333 0.11689814814814815
0 0.7369791666666666 0.3726851851851852 0.08854166666666667 0.1412037037037037
0 0.0234375 0.3611111111111111 0.046875 0.13773148148148148
0 0.9791666666666666 0.36921296296296297 0.041015625 0.14467592592592593
0 0.9837239583333334 0.06828703703703703 0.032552083333333336 0.13657407407407407
