0 0.71875 0.8537037037037037 0.05364583333333333 0.09259259259259259
0 0.47760416666666666 0.7861111111111111 0.075 0.09444444444444444
0 0.5166666666666667 0.95 0.05677083333333333 0.09722222222222222
0 0.5994791666666667 0.5305555555555556 0.05416666666666667 0.08703703703703704
0 0.5166666666666667 0.6231481481481481 0.051041666666666666 0.08888888888888889
0 0.5041666666666667 0.44351851851851853 0.065625 0.12685185185185185
0 0.6494791666666667 0.6472222222222223 0.06770833333333333 0.10648148148148148
0 0.5651041666666666 0.7240740740740741 0.06979166666666667 0.0962962962962963
0 0.5734375 0.9555555555555556 0.0515625 0.08611111111111111
0 0.18645833333333334 0.8814814814814815 0.06927083333333334 0.10277777777777777
0 0.690625 0.45555555555555555 0.06041666666666667 0.10092592592592593
0 0.8104166666666667 0.7027777777777777 0.0359375 0.08055555555555556
