0 0.14629629629629629 0.7192708333333333 0.09351851851851851 0.05416666666666667
0 0.21388888888888888 0.47760416666666666 0.09537037037037037 0.07552083333333333
0 0.05 0.5171875 0.09814814814814815 0.057291666666666664
0 0.46944444444444444 0.5994791666666667 0.08796296296296297 0.0546875
0 0.3768518518518518 0.5166666666666667 0.08981481481481482 0.0515625
0 0.5564814814814815 0.5041666666666667 0.12777777777777777 0.06614583333333333
0 0.3527777777777778 0.6494791666666667 0.10740740740740741 0.06822916666666666
0 0.2759259259259259 0.5651041666666666 0.09722222222222222 0.0703125
0 0.044444444444444446 0.5739583333333333 0.08703703703703704 0.052083333333333336
0 0.11851851851851852 0.18697916666666667 0.1037037037037037 0.06979166666666667
0 0.5444444444444444 0.690625 0.10185185185185185 0.0609375
0 0.2972222222222222 0.8109375 0.08148148148148149 0.036458333333333336
