0 0.40555555555555556 0.5255208333333333 0.15925925925925927 0.10833333333333334
0 0.10925925925925926 0.29739583333333336 0.1259259259259259 0.08958333333333333
1 0.07314814814814814 0.9520833333333333 0.13240740740740742 0.09583333333333334
1 0.6101851851851852 0.05520833333333333 0.1574074074074074 0.07760416666666667
0 0.2953703703703704 0.03229166666666667 0.14537037037037037 0.06510416666666667
0 0.06388888888888888 0.027083333333333334 0.12685185185185185 0.0546875
1 0.4111111111111111 0.9703125 0.22037037037037038 0.05416666666666667
0 0.5583333333333333 0.94375 0.1675925925925926 0.11041666666666666
1 0.85 0.19114583333333332 0.15462962962962962 0.0375
0 0.7583333333333333 0.9625 0.19814814814814816 0.07447916666666667
