0 0.525 0.5944444444444444 0.1078125 0.15833333333333333
0 0.296875 0.8907407407407407 0.0890625 0.125
1 0.9515625 0.9268518518518518 0.0953125 0.13148148148148148
1 0.05520833333333333 0.38981481481481484 0.07708333333333334 0.15648148148148147
0 0.03229166666666667 0.7046296296296296 0.06458333333333334 0.14444444444444443
0 0.027083333333333334 0.9361111111111111 0.05416666666666667 0.1259259259259259
1 0.9697916666666667 0.5888888888888889 0.05364583333333333 0.21944444444444444
0 0.9432291666666667 0.44166666666666665 0.10989583333333333 0.16666666666666666
1 0.190625 0.15 0.03697916666666667 0.1537037037037037
0 0.9625 0.24166666666666667 0.07447916666666667 0.19722222222222222
