0 0.28072916666666664 0.7379629629629629 0.11979166666666667 0.1935185185185185
0 0.9296875 0.39166666666666666 0.07760416666666667 0.12314814814814815
0 0.7963541666666667 0.3527777777777778 0.10520833333333333 0.1962962962962963
0 0.8109375 0.8342592592592593 0.07864583333333333 0.1685185185185185
1 0.3729166666666667 0.25925925925925924 0.058854166666666666 0.17962962962962964
0 0.6973958333333333 0.48148148148148145 0.07447916666666667 0.12685185185185185
1 0.553125 0.38055555555555554 0.0828125 0.09259259259259259
1 0.035416666666666666 0.9694444444444444 0.07135416666666666 0.058333333333333334
1 0.665625 0.6953703703703704 0.04739583333333333 0.15185185185185185
1 0.10260416666666666 0.6 0.034895833333333334 0.12129629629629629
