0 0.262037037037037 0.28072916666666664 0.19444444444444445 0.1203125
0 0.6083333333333333 0.9302083333333333 0.12407407407407407 0.078125
0 0.6472222222222223 0.7963541666666667 0.19722222222222222 0.10572916666666667
0 0.16574074074074074 0.8114583333333333 0.16944444444444445 0.07916666666666666
1 0.7407407407407407 0.3734375 0.18055555555555555 0.059375
0 0.5185185185185185 0.6979166666666666 0.12777777777777777 0.075
1 0.6194444444444445 0.5536458333333333 0.09351851851851851 0.08333333333333333
1 0.030555555555555555 0.0359375 0.05925925925925926 0.071875
1 0.30462962962962964 0.6661458333333333 0.1527777777777778 0.04791666666666667
1 0.4 0.103125 0.12222222222222222 0.035416666666666666
