1 0.1111111111111111 0.26927083333333335 0.12962962962962962 0.058333333333333334
0 0.1388888888888889 0.9666666666666667 0.1259259259259259 0.06614583333333333
1 0.21944444444444444 0.2916666666666667 0.08981481481481482 0.08125
0 0.9083333333333333 0.9578125 0.1824074074074074 0.07239583333333334
1 0.25092592592592594 0.5036458333333333 0.13055555555555556 0.08229166666666667
1 0.22777777777777777 0.41510416666666666 0.11851851851851852 0.05
1 0.1824074074074074 0.7723958333333333 0.1574074074074074 0.071875
1 0.18703703703703703 0.0390625 0.19722222222222222 0.04739583333333333
1 0.20277777777777778 0.5989583333333334 0.11944444444444445 0.071875
1 0.15555555555555556 0.17239583333333333 0.06296296296296296 0.10572916666666667
1 0.027777777777777776 0.026041666666666668 0.05 0.05260416666666667
