1 0.26875 0.8888888888888888 0.0578125 0.1287037037037037
0 0.9666666666666667 0.8611111111111112 0.065625 0.125
1 0.2911458333333333 0.7805555555555556 0.08072916666666667 0.08888888888888889
0 0.9578125 0.09074074074074075 0.071875 0.1824074074074074
1 0.503125 0.7490740740740741 0.08177083333333333 0.12962962962962962
1 0.41458333333333336 0.7722222222222223 0.049479166666666664 0.1175925925925926
1 0.771875 0.8175925925925925 0.07135416666666666 0.15648148148148147
1 0.0390625 0.812962962962963 0.046875 0.1962962962962963
1 0.5984375 0.7972222222222223 0.07135416666666666 0.11851851851851852
1 0.17239583333333333 0.8444444444444444 0.10520833333333333 0.062037037037037036
1 0.026041666666666668 0.9722222222222222 0.052083333333333336 0.049074074074074076
