1 0.07291666666666667 0.5648148148148148 0.06770833333333333 0.12314814814814815
1 0.35885416666666664 0.5787037037037037 0.07604166666666666 0.1
1 0.328125 0.8583333333333333 0.058333333333333334 0.09444444444444444
1 0.9557291666666666 0.7138888888888889 0.06041666666666667 0.12222222222222222
1 0.0375 0.9407407407407408 0.07552083333333333 0.10462962962962963
1 0.4432291666666667 0.8527777777777777 0.04375 0.08981481481481482
1 0.690625 0.6953703703703704 0.0390625 0.11203703703703703
1 0.15572916666666667 0.7814814814814814 0.0484375 0.14629629629629629
1 0.7697916666666667 0.5648148148148148 0.041666666666666664 0.09166666666666666
1 0.5223958333333333 0.5907407407407408 0.05520833333333333 0.11388888888888889
1 0.6223958333333334 0.8564814814814815 0.07135416666666666 0.075
1 0.8135416666666667 0.7194444444444444 0.05677083333333333 0.09814814814814815
1 0.21979166666666666 0.4962962962962963 0.04895833333333333 0.1574074074074074
1 0.7713541666666667 0.9648148148148148 0.03697916666666667 0.06851851851851852
