1 0.4351851851851852 0.07291666666666667 0.12407407407407407 0.06822916666666666
1 0.4212962962962963 0.35885416666666664 0.10092592592592593 0.0765625
1 0.14166666666666666 0.328125 0.09537037037037037 0.058854166666666666
1 0.2861111111111111 0.9557291666666666 0.12314814814814815 0.0609375
1 0.05925925925925926 0.03802083333333333 0.10555555555555556 0.07604166666666666
1 0.14722222222222223 0.4432291666666667 0.09074074074074075 0.044270833333333336
1 0.30462962962962964 0.6911458333333333 0.11296296296296296 0.03958333333333333
1 0.21851851851851853 0.15625 0.14722222222222223 0.04895833333333333
1 0.4351851851851852 0.7697916666666667 0.09259259259259259 0.0421875
1 0.40925925925925927 0.5223958333333333 0.11481481481481481 0.05572916666666667
1 0.14351851851851852 0.6229166666666667 0.07592592592592592 0.071875
1 0.28055555555555556 0.8140625 0.09907407407407408 0.057291666666666664
1 0.5037037037037037 0.21979166666666666 0.15833333333333333 0.049479166666666664
1 0.03518518518518519 0.771875 0.06944444444444445 0.0375
