0 0.6833333333333333 0.175 0.06822916666666666 0.1425925925925926
0 0.7135416666666666 0.3787037037037037 0.050520833333333334 0.11574074074074074
1 0.058854166666666666 0.9231481481481482 0.05572916666666667 0.04537037037037037
0 0.4713541666666667 0.44351851851851853 0.05677083333333333 0.07962962962962963
1 0.25364583333333335 0.08518518518518518 0.042708333333333334 0.07962962962962963
0 0.7755208333333333 0.09259259259259259 0.058854166666666666 0.10740740740740741
1 0.24947916666666667 0.3574074074074074 0.04114583333333333 0.17037037037037037
1 0.37864583333333335 0.22314814814814815 0.0703125 0.06574074074074074
1 0.17395833333333333 0.30833333333333335 0.08072916666666667 0.06574074074074074
1 0.16927083333333334 0.9824074074074074 0.06510416666666667 0.032407407407407406
1 0.38229166666666664 0.05925925925925926 0.0421875 0.06944444444444445
1 0.0140625 0.31574074074074077 0.028125 0.08518518518518518
1 0.0859375 0.07962962962962963 0.04791666666666667 0.03611111111111111
