0 0.825 0.6838541666666667 0.14351851851851852 0.06875
0 0.6212962962962963 0.7140625 0.11666666666666667 0.051041666666666666
1 0.07685185185185185 0.059375 0.046296296296296294 0.05625
0 0.5564814814814815 0.471875 0.08055555555555556 0.057291666666666664
1 0.9148148148148149 0.25364583333333335 0.08055555555555556 0.043229166666666666
0 0.9074074074074074 0.7760416666666666 0.10833333333333334 0.059375
1 0.6425925925925926 0.25 0.1712962962962963 0.041666666666666664
1 0.7768518518518519 0.37916666666666665 0.06666666666666667 0.07083333333333333
1 0.6916666666666667 0.17447916666666666 0.06666666666666667 0.08125
1 0.017592592592592594 0.16979166666666667 0.03333333333333333 0.065625
1 0.9407407407407408 0.3828125 0.07037037037037037 0.042708333333333334
1 0.6842592592592592 0.0140625 0.08611111111111111 0.028645833333333332
1 0.9203703703703704 0.0859375 0.037037037037037035 0.0484375
