0 0.8548177083333334 0.21875 0.0859375 0.17939814814814814
0 0.892578125 0.47453703703703703 0.06380208333333333 0.14583333333333334
0 0.58984375 0.5543981481481481 0.07161458333333333 0.10069444444444445
1 0.3170572916666667 0.10648148148148148 0.054036458333333336 0.10069444444444445
0 0.9661458333333334 0.11574074074074074 0.06705729166666667 0.13541666666666666
1 0.3125 0.44675925925925924 0.052083333333333336 0.21412037037037038
1 0.4739583333333333 0.2800925925925926 0.08854166666666667 0.08333333333333333
1 0.21809895833333334 0.38657407407407407 0.1015625 0.08333333333333333
1 0.478515625 0.07523148148148148 0.053385416666666664 0.08796296296296297
1 0.017578125 0.39467592592592593 0.035807291666666664 0.1076388888888889
1 0.107421875 0.10069444444444445 0.060546875 0.046296296296296294
