1 0.3765625 0.4888888888888889 0.046875 0.0824074074074074
0 0.8307291666666666 0.2518518518518518 0.09270833333333334 0.13240740740740742
1 0.8432291666666667 0.7407407407407407 0.05572916666666667 0.1425925925925926
1 0.39375 0.924074074074074 0.075 0.06296296296296296
1 0.5083333333333333 0.22407407407407406 0.06145833333333333 0.0824074074074074
0 0.5770833333333333 0.05740740740740741 0.05677083333333333 0.09074074074074075
1 0.715625 0.7583333333333333 0.03958333333333333 0.13055555555555556
1 0.4010416666666667 0.16574074074074074 0.09166666666666666 0.1
0 0.7052083333333333 0.05925925925925926 0.07395833333333333 0.11944444444444445
1 0.6520833333333333 0.5675925925925925 0.03958333333333333 0.10740740740740741
1 0.8755208333333333 0.5972222222222222 0.08802083333333334 0.06944444444444445
1 0.6625 0.18055555555555555 0.03697916666666667 0.15462962962962962
1 0.3494791666666667 0.7138888888888889 0.11614583333333334 0.16018518518518518
1 0.5385416666666667 0.5685185185185185 0.0625 0.10925925925925926
1 0.46927083333333336 0.787962962962963 0.046875 0.07314814814814814
1 0.44427083333333334 0.44166666666666665 0.05572916666666667 0.09907407407407408
1 0.5921875 0.975 0.028645833333333332 0.04537037037037037
