1 0.5111111111111111 0.3765625 0.08333333333333333 0.04739583333333333
0 0.7481481481481481 0.8307291666666666 0.13333333333333333 0.09322916666666667
1 0.25925925925925924 0.84375 0.14351851851851852 0.05625
1 0.07592592592592592 0.39375 0.06388888888888888 0.07552083333333333
1 0.7759259259259259 0.5083333333333333 0.08333333333333333 0.06197916666666667
0 0.9425925925925925 0.5776041666666667 0.09166666666666666 0.057291666666666664
1 0.24166666666666667 0.715625 0.13148148148148148 0.04010416666666667
1 0.8342592592592593 0.4010416666666667 0.10092592592592593 0.0921875
0 0.9398148148148148 0.7052083333333333 0.11944444444444445 0.07447916666666667
1 0.4324074074074074 0.6520833333333333 0.10833333333333334 0.04010416666666667
1 0.4027777777777778 0.8760416666666667 0.07037037037037037 0.08854166666666667
1 0.8194444444444444 0.6630208333333333 0.15555555555555556 0.0375
1 0.2861111111111111 0.35 0.16111111111111112 0.11666666666666667
1 0.43148148148148147 0.5385416666666667 0.11018518518518519 0.06302083333333333
1 0.21203703703703702 0.46927083333333336 0.07407407407407407 0.04739583333333333
1 0.5583333333333333 0.44479166666666664 0.1 0.05625
1 0.025 0.5927083333333333 0.046296296296296294 0.029166666666666667
