1 0.470703125 0.6122685185185185 0.059244791666666664 0.10416666666666667
0 0.990234375 0.3159722222222222 0.01953125 0.16666666666666666
1 0.6354166666666666 0.28125 0.07747395833333333 0.10416666666666667
0 0.7220052083333334 0.07175925925925926 0.07161458333333333 0.11458333333333333
1 0.89453125 0.9328703703703703 0.050130208333333336 0.13310185185185186
1 0.5013020833333334 0.20717592592592593 0.115234375 0.1261574074074074
0 0.8815104166666666 0.07523148148148148 0.09309895833333333 0.15046296296296297
1 0.8151041666666666 0.7094907407407407 0.050130208333333336 0.13541666666666666
1 0.8287760416666666 0.22685185185185186 0.046875 0.19444444444444445
1 0.4375 0.8935185185185185 0.14583333333333334 0.2013888888888889
1 0.6731770833333334 0.7106481481481481 0.07877604166666667 0.13773148148148148
1 0.5865885416666666 0.9699074074074074 0.059244791666666664 0.06018518518518518
1 0.5559895833333334 0.5532407407407407 0.0703125 0.125
