0 0.40260416666666665 0.2537037037037037 0.11510416666666666 0.1361111111111111
0 0.7015625 0.4203703703703704 0.071875 0.14074074074074075
0 0.8302083333333333 0.625 0.09010416666666667 0.13703703703703704
0 0.5984375 0.15833333333333333 0.06979166666666667 0.13518518518518519
1 0.5083333333333333 0.5907407407407408 0.058333333333333334 0.07407407407407407
0 0.5067708333333333 0.16111111111111112 0.08020833333333334 0.15
1 0.37604166666666666 0.8592592592592593 0.046875 0.08425925925925926
0 0.5776041666666667 0.42407407407407405 0.058333333333333334 0.0962962962962963
1 0.6520833333333333 0.9314814814814815 0.04375 0.11203703703703703
1 0.8744791666666667 0.9657407407407408 0.0859375 0.058333333333333334
0 0.834375 0.32314814814814813 0.07708333333333334 0.12777777777777777
1 0.40208333333333335 0.5361111111111111 0.09270833333333334 0.1037037037037037
1 0.5401041666666667 0.9388888888888889 0.06770833333333333 0.10277777777777777
1 0.44479166666666664 0.812962962962963 0.05625 0.09351851851851851
1 0.6630208333333333 0.5537037037037037 0.028125 0.15833333333333333
0 0.778125 0.07685185185185185 0.11145833333333334 0.1425925925925926
