0 0.7462962962962963 0.403125 0.13703703703703704 0.115625
0 0.5796296296296296 0.7015625 0.14166666666666666 0.07239583333333334
0 0.375 0.8307291666666666 0.13796296296296295 0.090625
0 0.8416666666666667 0.5984375 0.1361111111111111 0.0703125
1 0.40925925925925927 0.5083333333333333 0.075 0.058854166666666666
0 0.8388888888888889 0.5067708333333333 0.15092592592592594 0.08072916666666667
1 0.14074074074074075 0.37604166666666666 0.08518518518518518 0.04739583333333333
0 0.575925925925926 0.5776041666666667 0.09722222222222222 0.058854166666666666
1 0.06851851851851852 0.6520833333333333 0.11296296296296296 0.044270833333333336
1 0.03425925925925926 0.875 0.05925925925925926 0.08645833333333333
0 0.6768518518518518 0.834375 0.1287037037037037 0.07760416666666667
1 0.4638888888888889 0.40208333333333335 0.10462962962962963 0.09322916666666667
1 0.06111111111111111 0.5401041666666667 0.1037037037037037 0.06822916666666666
1 0.18703703703703703 0.44479166666666664 0.09444444444444444 0.05677083333333333
1 0.4462962962962963 0.6630208333333333 0.15925925925925927 0.028645833333333332
0 0.9231481481481482 0.778125 0.14351851851851852 0.11197916666666667
