0 0.50390625 0.31828703703703703 0.14453125 0.1712962962962963
0 0.876953125 0.5254629629629629 0.09049479166666667 0.17708333333333334
0 0.9908854166666666 0.78125 0.018229166666666668 0.1724537037037037
0 0.748046875 0.19791666666666666 0.087890625 0.1701388888888889
1 0.6354166666666666 0.7384259259259259 0.07356770833333333 0.09375
0 0.6334635416666666 0.2013888888888889 0.10091145833333333 0.1886574074074074
0 0.7220052083333334 0.5300925925925926 0.07356770833333333 0.12152777777777778
0 0.9973958333333334 0.4039351851851852 0.005208333333333333 0.16087962962962962
1 0.5026041666666666 0.6701388888888888 0.11653645833333333 0.13078703703703703
1 0.5559895833333334 0.9791666666666666 0.07096354166666667 0.041666666666666664
1 0.8287760416666666 0.6932870370370371 0.035807291666666664 0.19907407407407407
0 0.951171875 0.09606481481481481 0.09700520833333333 0.17939814814814814
