0 0.7129629629629629 0.11875 0.11851851851851852 0.084375
0 0.18333333333333332 0.1734375 0.10555555555555556 0.05572916666666667
1 0.5203703703703704 0.8911458333333333 0.10648148148148148 0.05260416666666667
1 0.22314814814814815 0.6614583333333334 0.13240740740740742 0.04635416666666667
1 0.18888888888888888 0.8630208333333333 0.12407407407407407 0.04114583333333333
1 0.47129629629629627 0.6020833333333333 0.09166666666666666 0.065625
0 0.6583333333333333 0.016666666666666666 0.08425925925925926 0.03333333333333333
1 0.40555555555555556 0.91875 0.11296296296296296 0.07864583333333333
1 0.8490740740740741 0.7369791666666666 0.10462962962962963 0.028645833333333332
1 0.42592592592592593 0.6510416666666666 0.05185185185185185 0.027604166666666666
1 0.6416666666666667 0.725 0.049074074074074076 0.07239583333333334
1 0.22314814814814815 0.7421875 0.11666666666666667 0.049479166666666664
1 0.7564814814814815 0.6223958333333334 0.14629629629629629 0.065625
1 0.05925925925925926 0.7588541666666667 0.07777777777777778 0.04114583333333333
1 0.12314814814814815 0.5802083333333333 0.05740740740740741 0.06822916666666666
1 0.9574074074074074 0.5979166666666667 0.08518518518518518 0.034895833333333334
1 0.9407407407407408 0.696875 0.08703703703703704 0.05572916666666667
1 0.9166666666666666 0.8369791666666667 0.11018518518518519 0.0296875
