0 0.11822916666666666 0.28703703703703703 0.08385416666666666 0.1175925925925926
0 0.1734375 0.8166666666666667 0.05520833333333333 0.10462962962962963
1 0.8911458333333333 0.47962962962962963 0.052083333333333336 0.10555555555555556
1 0.6614583333333334 0.7768518518518519 0.04583333333333333 0.13148148148148148
1 0.8630208333333333 0.8111111111111111 0.040625 0.12314814814814815
1 0.6015625 0.5287037037037037 0.06510416666666667 0.09074074074074075
0 0.016145833333333335 0.3416666666666667 0.0328125 0.08333333333333333
1 0.91875 0.5944444444444444 0.078125 0.11203703703703703
1 0.7369791666666666 0.15092592592592594 0.028125 0.1037037037037037
1 0.6510416666666666 0.5740740740740741 0.027083333333333334 0.05092592592592592
1 0.725 0.35833333333333334 0.071875 0.04814814814814815
1 0.7421875 0.7768518518518519 0.04895833333333333 0.11574074074074074
1 0.621875 0.24351851851851852 0.06510416666666667 0.14537037037037037
1 0.7588541666666667 0.9407407407407408 0.040625 0.07685185185185185
1 0.5802083333333333 0.8768518518518519 0.06770833333333333 0.05648148148148148
1 0.5979166666666667 0.04259259259259259 0.034375 0.08518518518518518
1 0.696875 0.05925925925925926 0.05520833333333333 0.08611111111111111
1 0.8369791666666667 0.08333333333333333 0.029166666666666667 0.10925925925925926
