0 0.1484375 0.3599537037037037 0.10546875 0.14814814814814814
0 0.216796875 0.9780092592592593 0.06966145833333333 0.04398148148148148
1 0.8268229166666666 0.9444444444444444 0.057942708333333336 0.1111111111111111
1 0.7526041666666666 0.6608796296296297 0.08203125 0.11458333333333333
0 0.020833333333333332 0.4270833333333333 0.041666666666666664 0.10532407407407407
1 0.9212239583333334 0.1886574074074074 0.035807291666666664 0.13078703703703703
1 0.8138020833333334 0.71875 0.034505208333333336 0.06481481481481481
1 0.90625 0.4479166666666667 0.09049479166666667 0.061342592592592594
1 0.927734375 0.9490740740740741 0.061848958333333336 0.10069444444444445
1 0.7779947916666666 0.3055555555555556 0.08203125 0.18287037037037038
1 0.7473958333333334 0.05324074074074074 0.043619791666666664 0.1076388888888889
1 0.87109375 0.07523148148148148 0.06966145833333333 0.1087962962962963
