0 0.11851851851851852 0.4546875 0.13425925925925927 0.059375
1 0.5583333333333333 0.5734375 0.12777777777777777 0.040625
0 0.7037037037037037 0.5890625 0.1425925925925926 0.09635416666666667
0 0.725 0.4161458333333333 0.16111111111111112 0.0828125
0 0.20833333333333334 0.8682291666666667 0.11851851851851852 0.11458333333333333
0 0.23333333333333334 0.5697916666666667 0.10925925925925926 0.07552083333333333
1 0.5462962962962963 0.075 0.09537037037037037 0.05
0 0.5722222222222222 0.7609375 0.13148148148148148 0.05
1 0.3824074074074074 0.4828125 0.075 0.07552083333333333
1 0.43796296296296294 0.08541666666666667 0.09166666666666666 0.0515625
1 0.20833333333333334 0.041666666666666664 0.11574074074074074 0.035416666666666666
