0 0.45416666666666666 0.8814814814814815 0.058854166666666666 0.13333333333333333
1 0.5729166666666666 0.44166666666666665 0.04010416666666667 0.12685185185185185
0 0.5890625 0.2962962962962963 0.09583333333333334 0.14166666666666666
0 0.4161458333333333 0.275 0.08229166666666667 0.16018518518518518
0 0.8677083333333333 0.7916666666666666 0.1140625 0.1175925925925926
0 0.5697916666666667 0.7666666666666667 0.075 0.10833333333333334
1 0.07447916666666667 0.4537037037037037 0.049479166666666664 0.09444444444444444
0 0.7604166666666666 0.42777777777777776 0.049479166666666664 0.13055555555555556
1 0.4828125 0.6175925925925926 0.075 0.07407407407407407
1 0.08541666666666667 0.562037037037037 0.051041666666666666 0.09074074074074075
1 0.04114583333333333 0.7916666666666666 0.034895833333333334 0.11481481481481481
