0 0.937037037037037 0.234375 0.1259259259259259 0.0734375
0 0.5935185185185186 0.13177083333333334 0.10555555555555556 0.06875
0 0.6518518518518519 0.2838541666666667 0.10555555555555556 0.059375
0 0.937962962962963 0.5848958333333333 0.12407407407407407 0.09322916666666667
0 0.7444444444444445 0.078125 0.10648148148148148 0.05625
1 0.6611111111111111 0.39791666666666664 0.0712962962962963 0.06197916666666667
1 0.8675925925925926 0.3203125 0.12777777777777777 0.027604166666666666
0 0.5777777777777777 0.22760416666666666 0.16574074074074074 0.06458333333333334
1 0.046296296296296294 0.20520833333333333 0.075 0.04114583333333333
1 0.8962962962962963 0.7119791666666667 0.09814814814814815 0.021875
1 0.026851851851851852 0.68125 0.04814814814814815 0.08385416666666666
1 0.04259259259259259 0.5609375 0.08333333333333333 0.044270833333333336
0 0.6416666666666667 0.6489583333333333 0.05925925925925926 0.036458333333333336
0 0.6898148148148148 0.7489583333333333 0.06111111111111111 0.04010416666666667
1 0.649074074074074 0.017708333333333333 0.13425925925925927 0.0359375
1 0.09166666666666666 0.3578125 0.06851851851851852 0.03854166666666667
1 0.6194444444444445 0.5260416666666666 0.10277777777777777 0.03697916666666667
0 0.9777777777777777 0.8078125 0.044444444444444446 0.0375
