0 0.29296875 0.0787037037037037 0.091796875 0.15856481481481483
0 0.16471354166666666 0.5092592592592593 0.0859375 0.13194444444444445
0 0.3548177083333333 0.4363425925925926 0.07421875 0.13194444444444445
0 0.7311197916666666 0.0775462962962963 0.11653645833333333 0.15625
0 0.09765625 0.3194444444444444 0.0703125 0.13310185185185186
1 0.4973958333333333 0.4236111111111111 0.07747395833333333 0.08912037037037036
1 0.400390625 0.16666666666666666 0.034505208333333336 0.1597222222222222
0 0.2845052083333333 0.5277777777777778 0.08072916666666667 0.20717592592592593
1 0.8899739583333334 0.13078703703703703 0.02734375 0.12268518518518519
0 0.8111979166666666 0.44907407407407407 0.045572916666666664 0.07407407407407407
0 0.9361979166666666 0.3888888888888889 0.050130208333333336 0.0763888888888889
1 0.022135416666666668 0.4386574074074074 0.044921875 0.16782407407407407
1 0.6575520833333334 0.4756944444444444 0.046223958333333336 0.1284722222222222
0 0.9928385416666666 0.027777777777777776 0.013671875 0.056712962962962965
