0 0.234375 0.06296296296296296 0.07291666666666667 0.1259259259259259
0 0.13125 0.4064814814814815 0.06822916666666666 0.10462962962962963
0 0.2833333333333333 0.34814814814814815 0.058854166666666666 0.10462962962962963
0 0.5848958333333333 0.062037037037037036 0.09270833333333334 0.12407407407407407
0 0.07760416666666667 0.25555555555555554 0.05572916666666667 0.10555555555555556
1 0.39791666666666664 0.3388888888888889 0.06145833333333333 0.07037037037037037
1 0.3203125 0.13240740740740742 0.027083333333333334 0.12685185185185185
0 0.22708333333333333 0.4222222222222222 0.0640625 0.1648148148148148
1 0.20520833333333333 0.9537037037037037 0.040625 0.07407407407407407
1 0.7114583333333333 0.1037037037037037 0.021354166666666667 0.09722222222222222
1 0.68125 0.9731481481481481 0.08333333333333333 0.04722222222222222
1 0.5609375 0.9574074074074074 0.04375 0.0824074074074074
0 0.6484375 0.35833333333333334 0.0359375 0.058333333333333334
0 0.7489583333333333 0.3101851851851852 0.03958333333333333 0.06018518518518518
1 0.017708333333333333 0.3509259259259259 0.035416666666666666 0.13333333333333333
1 0.3572916666666667 0.9083333333333333 0.03802083333333333 0.06759259259259259
1 0.5260416666666666 0.38055555555555554 0.036458333333333336 0.10185185185185185
0 0.8072916666666666 0.022222222222222223 0.03697916666666667 0.044444444444444446
