0 0.184375 0.9629629629629629 0.033854166666666664 0.05925925925925926
0 0.221875 0.7222222222222222 0.042708333333333334 0.075
0 0.27447916666666666 0.8037037037037037 0.03958333333333333 0.06018518518518518
0 0.21302083333333333 0.9222222222222223 0.0359375 0.05185185185185185
0 0.815625 0.8611111111111112 0.046875 0.05648148148148148
0 0.30416666666666664 0.9314814814814815 0.0421875 0.06851851851851852
0 0.4708333333333333 0.6925925925925925 0.027083333333333334 0.03981481481481482
0 0.3651041666666667 0.825925925925926 0.034895833333333334 0.07407407407407407
0 0.9 0.7388888888888889 0.035416666666666666 0.06759259259259259
0 0.478125 0.8777777777777778 0.0234375 0.03518518518518519
