0 0.037037037037037035 0.18489583333333334 0.06018518518518518 0.034375
0 0.2777777777777778 0.221875 0.07592592592592592 0.043229166666666666
0 0.1962962962962963 0.27447916666666666 0.06111111111111111 0.04010416666666667
0 0.07777777777777778 0.21354166666666666 0.05277777777777778 0.036458333333333336
0 0.1388888888888889 0.815625 0.05740740740740741 0.04739583333333333
0 0.06851851851851852 0.3046875 0.06944444444444445 0.042708333333333334
0 0.3074074074074074 0.4708333333333333 0.040740740740740744 0.027604166666666666
0 0.17407407407407408 0.365625 0.075 0.035416666666666666
0 0.2611111111111111 0.9 0.06851851851851852 0.0359375
0 0.12222222222222222 0.4786458333333333 0.03611111111111111 0.023958333333333335
