0 0.8104166666666667 0.9111111111111111 0.05416666666666667 0.09907407407407408
0 0.6859375 0.925 0.078125 0.13518518518518519
0 0.5546875 0.7240740740740741 0.09375 0.11944444444444445
1 0.8364583333333333 0.3824074074074074 0.059375 0.10833333333333334
1 0.8791666666666667 0.7064814814814815 0.053125 0.062037037037037036
1 0.7276041666666667 0.40185185185185185 0.03854166666666667 0.10462962962962963
1 0.7244791666666667 0.7592592592592593 0.03802083333333333 0.16018518518518518
1 0.9723958333333333 0.7268518518518519 0.05364583333333333 0.09259259259259259
1 0.5536458333333333 0.19722222222222222 0.049479166666666664 0.14166666666666666
1 0.5197916666666667 0.3388888888888889 0.0953125 0.058333333333333334
1 0.6697916666666667 0.19074074074074074 0.041666666666666664 0.125
1 0.9046875 0.175 0.0421875 0.0824074074074074
1 0.9640625 0.04351851851851852 0.05625 0.08796296296296297
1 0.9385416666666667 0.46944444444444444 0.044270833333333336 0.10092592592592593
1 0.9848958333333333 0.42962962962962964 0.029166666666666667 0.08425925925925926
