0 0.08888888888888889 0.8104166666666667 0.1 0.0546875
0 0.075 0.6859375 0.1361111111111111 0.07864583333333333
0 0.2759259259259259 0.5546875 0.12037037037037036 0.09427083333333333
1 0.6175925925925926 0.8364583333333333 0.10925925925925926 0.059895833333333336
1 0.2935185185185185 0.8791666666666667 0.06296296296296296 0.05364583333333333
1 0.5981481481481481 0.7276041666666667 0.10555555555555556 0.0390625
1 0.24074074074074073 0.725 0.16111111111111112 0.03854166666666667
1 0.27314814814814814 0.9729166666666667 0.09351851851851851 0.05416666666666667
1 0.8027777777777778 0.5541666666666667 0.1425925925925926 0.05
1 0.6611111111111111 0.5203125 0.05925925925925926 0.09583333333333334
1 0.8092592592592592 0.6697916666666667 0.1259259259259259 0.0421875
1 0.825 0.9052083333333333 0.08333333333333333 0.042708333333333334
1 0.9555555555555556 0.9640625 0.08796296296296297 0.05677083333333333
1 0.5305555555555556 0.9390625 0.10185185185185185 0.04479166666666667
1 0.5703703703703704 0.9848958333333333 0.08518518518518518 0.0296875
