0 0.44895833333333335 0.6314814814814815 0.03697916666666667 0.06296296296296296
0 0.5072916666666667 0.6638888888888889 0.04114583333333333 0.07314814814814814
0 0.5552083333333333 0.6259259259259259 0.03697916666666667 0.05925925925925926
0 0.484375 0.9601851851851851 0.04635416666666667 0.07685185185185185
0 0.42083333333333334 0.700925925925926 0.04375 0.07037037037037037
0 0.42864583333333334 0.9842592592592593 0.027083333333333334 0.02962962962962963
0 0.396875 0.9462962962962963 0.03229166666666667 0.05092592592592592
0 0.5713541666666667 0.6944444444444444 0.04114583333333333 0.05925925925925926
0 0.5963541666666666 0.8601851851851852 0.0203125 0.05
0 0.45677083333333335 0.5703703703703704 0.021354166666666667 0.030555555555555555
