0 0.3685185185185185 0.44947916666666665 0.06388888888888888 0.0375
0 0.33611111111111114 0.5078125 0.07407407407407407 0.041666666666666664
0 0.37407407407407406 0.5557291666666667 0.06018518518518518 0.0375
0 0.03981481481481482 0.48489583333333336 0.07777777777777778 0.046875
0 0.29907407407407405 0.42083333333333334 0.0712962962962963 0.044270833333333336
0 0.01574074074074074 0.42864583333333334 0.030555555555555555 0.027604166666666666
0 0.053703703703703705 0.396875 0.05185185185185185 0.0328125
0 0.3055555555555556 0.571875 0.06018518518518518 0.041666666666666664
0 0.1398148148148148 0.596875 0.05092592592592592 0.020833333333333332
0 0.42962962962962964 0.45729166666666665 0.03148148148148148 0.021875
