0 0.5510416666666667 0.46296296296296297 0.043229166666666666 0.08055555555555556
0 0.47708333333333336 0.6268518518518519 0.0453125 0.09444444444444444
0 0.6489583333333333 0.6046296296296296 0.04739583333333333 0.08425925925925926
0 0.49114583333333334 0.3416666666666667 0.04479166666666667 0.08425925925925926
0 0.8770833333333333 0.6666666666666666 0.049479166666666664 0.08425925925925926
0 0.5078125 0.5231481481481481 0.050520833333333334 0.08333333333333333
0 0.5875 0.6416666666666667 0.05572916666666667 0.10925925925925926
0 0.428125 0.16018518518518518 0.049479166666666664 0.09814814814814815
0 0.7807291666666667 0.5574074074074075 0.05260416666666667 0.09166666666666666
0 0.5848958333333333 0.5259259259259259 0.0515625 0.06944444444444445
0 0.5182291666666666 0.14814814814814814 0.03854166666666667 0.07777777777777778
0 0.6838541666666667 0.3509259259259259 0.043229166666666666 0.07222222222222222
0 0.6552083333333333 0.25555555555555554 0.05520833333333333 0.09074074074074075
0 0.759375 0.5018518518518519 0.03854166666666667 0.06388888888888888
0 0.725 0.5657407407407408 0.04635416666666667 0.08518518518518518
0 0.5765625 0.6018518518518519 0.04114583333333333 0.06851851851851852
