0 0.689453125 0.5798611111111112 0.0546875 0.10185185185185185
0 0.5970052083333334 0.7835648148148148 0.057291666666666664 0.11921296296296297
0 0.8118489583333334 0.7569444444444444 0.059895833333333336 0.10648148148148148
0 0.6139322916666666 0.42824074074074076 0.056640625 0.10648148148148148
0 0.6354166666666666 0.6539351851851852 0.06380208333333333 0.10532407407407407
0 0.7350260416666666 0.8020833333333334 0.0703125 0.13773148148148148
0 0.5358072916666666 0.20023148148148148 0.0625 0.12384259259259259
0 0.9713541666666666 0.6979166666666666 0.056640625 0.11574074074074074
0 0.7317708333333334 0.6585648148148148 0.06510416666666667 0.08796296296296297
0 0.6477864583333334 0.18518518518518517 0.048828125 0.09837962962962964
0 0.85546875 0.4386574074074074 0.0546875 0.09143518518518519
0 0.8190104166666666 0.3194444444444444 0.06966145833333333 0.11458333333333333
0 0.94921875 0.6284722222222222 0.048828125 0.08101851851851852
0 0.9069010416666666 0.7071759259259259 0.05859375 0.1076388888888889
0 0.7213541666666666 0.7523148148148148 0.052083333333333336 0.08680555555555555
