0 0.5370370370370371 0.5515625 0.08148148148148149 0.04375
0 0.3731481481481482 0.47760416666666666 0.09537037037037037 0.04583333333333333
0 0.39537037037037037 0.6494791666666667 0.08518518518518518 0.04791666666666667
0 0.6583333333333333 0.49114583333333334 0.08518518518518518 0.0453125
0 0.3333333333333333 0.8776041666666666 0.08518518518518518 0.05
0 0.47685185185185186 0.5083333333333333 0.08425925925925926 0.051041666666666666
0 0.35833333333333334 0.5880208333333333 0.11018518518518519 0.05625
0 0.8398148148148148 0.42864583333333334 0.09907407407407408 0.05
0 0.4425925925925926 0.78125 0.09259259259259259 0.053125
0 0.4740740740740741 0.5854166666666667 0.07037037037037037 0.052083333333333336
0 0.8518518518518519 0.5182291666666666 0.0787037037037037 0.0390625
0 0.649074074074074 0.684375 0.07314814814814814 0.04375
0 0.7444444444444445 0.6552083333333333 0.09166666666666666 0.05572916666666667
0 0.4981481481481482 0.759375 0.06481481481481481 0.0390625
0 0.43425925925925923 0.7255208333333333 0.08611111111111111 0.046875
0 0.39814814814814814 0.5770833333333333 0.06944444444444445 0.041666666666666664
