0 0.812962962962963 0.41822916666666665 0.1361111111111111 0.08958333333333333
0 0.7472222222222222 0.640625 0.2490740740740741 0.15989583333333332
0 0.5796296296296296 0.4635416666666667 0.29444444444444445 0.0890625
0 0.8277777777777777 0.86875 0.33240740740740743 0.1421875
0 0.3768518518518518 0.7776041666666667 0.2518518518518518 0.07916666666666666
0 0.7694444444444445 0.33125 0.08981481481481482 0.046875
0 0.5259259259259259 0.8557291666666667 0.18611111111111112 0.07708333333333334
0 0.17592592592592593 0.9791666666666666 0.16296296296296298 0.04114583333333333
0 0.6620370370370371 0.4109375 0.175 0.11354166666666667
0 0.6129629629629629 0.6833333333333333 0.25555555555555554 0.11510416666666666
