0 0.41770833333333335 0.18703703703703703 0.0890625 0.13518518518518519
0 0.640625 0.25277777777777777 0.159375 0.24814814814814815
0 0.4635416666666667 0.4203703703703704 0.08854166666666667 0.2935185185185185
0 0.86875 0.17222222222222222 0.14166666666666666 0.3314814814814815
0 0.7770833333333333 0.6231481481481481 0.07864583333333333 0.25092592592592594
0 0.3307291666666667 0.23055555555555557 0.04635416666666667 0.08888888888888889
0 0.8552083333333333 0.4740740740740741 0.0765625 0.18518518518518517
0 0.9791666666666666 0.8240740740740741 0.040625 0.16203703703703703
0 0.41041666666666665 0.33796296296296297 0.11302083333333333 0.17407407407407408
0 0.6833333333333333 0.387037037037037 0.11458333333333333 0.25462962962962965
