0 0.8921875 0.8648148148148148 0.05260416666666667 0.08703703703703704
0 0.5098958333333333 0.8425925925925926 0.044270833333333336 0.10185185185185185
0 0.521875 0.6546296296296297 0.0703125 0.10648148148148148
0 0.2765625 0.12222222222222222 0.051041666666666666 0.1111111111111111
0 0.9755208333333333 0.799074074074074 0.04791666666666667 0.10462962962962963
0 0.8942708333333333 0.6564814814814814 0.06354166666666666 0.08888888888888889
1 0.3619791666666667 0.4324074074074074 0.057291666666666664 0.06666666666666667
0 0.10416666666666667 0.8768518518518519 0.0765625 0.11851851851851852
1 0.896875 0.28888888888888886 0.04583333333333333 0.10925925925925926
1 0.875 0.38425925925925924 0.06979166666666667 0.05648148148148148
0 0.46770833333333334 0.524074074074074 0.042708333333333334 0.09074074074074075
1 0.4791666666666667 0.32592592592592595 0.071875 0.09259259259259259
0 0.29791666666666666 0.6259259259259259 0.05677083333333333 0.10185185185185185
1 0.9739583333333334 0.287962962962963 0.03697916666666667 0.10277777777777777
1 0.18229166666666666 0.43148148148148147 0.04739583333333333 0.06666666666666667
1 0.9401041666666666 0.07407407407407407 0.03854166666666667 0.09814814814814815
1 0.37083333333333335 0.22870370370370371 0.05260416666666667 0.11944444444444445
1 0.5322916666666667 0.03888888888888889 0.06145833333333333 0.05740740740740741
