0 0.13518518518518519 0.8927083333333333 0.08796296296296297 0.053125
0 0.1574074074074074 0.5104166666666666 0.10277777777777777 0.04479166666666667
0 0.3453703703703704 0.5223958333333333 0.10740740740740741 0.07083333333333333
0 0.8777777777777778 0.2765625 0.11203703703703703 0.0515625
0 0.20092592592592592 0.9755208333333333 0.10555555555555556 0.0484375
0 0.3435185185185185 0.8942708333333333 0.08981481481481482 0.0640625
1 0.5675925925925925 0.3619791666666667 0.06759259259259259 0.0578125
0 0.12314814814814815 0.1046875 0.11944444444444445 0.07708333333333334
1 0.7111111111111111 0.896875 0.11018518518518519 0.04635416666666667
1 0.6157407407407407 0.875 0.05740740740740741 0.0703125
0 0.4759259259259259 0.46770833333333334 0.09166666666666666 0.043229166666666666
1 0.674074074074074 0.4791666666666667 0.09351851851851851 0.07239583333333334
0 0.37407407407407406 0.2984375 0.10277777777777777 0.057291666666666664
1 0.712037037037037 0.9744791666666667 0.1037037037037037 0.0375
1 0.5685185185185185 0.1828125 0.06759259259259259 0.04791666666666667
1 0.9259259259259259 0.9401041666666666 0.09907407407407408 0.0390625
1 0.7712962962962963 0.37135416666666665 0.12037037037037036 0.053125
1 0.9611111111111111 0.5322916666666667 0.058333333333333334 0.06197916666666667
