0 0.6380208333333334 0.9942129629629629 0.055989583333333336 0.010416666666666666
0 0.6529947916666666 0.8194444444444444 0.08854166666666667 0.13425925925925927
0 0.345703125 0.1527777777777778 0.064453125 0.1400462962962963
1 0.4524739583333333 0.5405092592592593 0.072265625 0.08449074074074074
0 0.5846354166666666 0.6550925925925926 0.054036458333333336 0.11458333333333333
1 0.5989583333333334 0.4074074074074074 0.09049479166666667 0.11689814814814815
0 0.373046875 0.7824074074074074 0.07161458333333333 0.1284722222222222
1 0.228515625 0.5393518518518519 0.059895833333333336 0.08449074074074074
1 0.4641927083333333 0.28703703703703703 0.06640625 0.15046296296296297
1 0.6653645833333334 0.04861111111111111 0.07747395833333333 0.07291666666666667
