0 0.11067708333333333 0.20023148148148148 0.09830729166666667 0.1886574074074074
0 0.5201822916666666 0.78125 0.11653645833333333 0.1712962962962963
0 0.228515625 0.19675925925925927 0.09114583333333333 0.16782407407407407
0 0.35546875 0.5219907407407407 0.09244791666666667 0.1701388888888889
1 0.11197916666666667 0.7372685185185185 0.068359375 0.08564814814814815
0 0.5208333333333334 0.4039351851851852 0.095703125 0.16087962962962962
1 0.3072916666666667 0.6967592592592593 0.038411458333333336 0.2013888888888889
0 0.20052083333333334 0.5277777777777778 0.07486979166666667 0.11921296296296297
1 0.031901041666666664 0.9768518518518519 0.06315104166666667 0.04513888888888889
0 0.4602864583333333 0.07523148148148148 0.14322916666666666 0.13773148148148148
