0 0.08854166666666667 0.16018518518518518 0.078125 0.15
0 0.4161458333333333 0.6240740740740741 0.09270833333333334 0.1361111111111111
0 0.18229166666666666 0.1574074074074074 0.07239583333333334 0.13333333333333333
0 0.2838541666666667 0.41759259259259257 0.0734375 0.13518518518518519
1 0.08958333333333333 0.5888888888888889 0.05416666666666667 0.06759259259259259
0 0.4166666666666667 0.32314814814814813 0.07604166666666666 0.12777777777777777
1 0.23541666666666666 0.9324074074074075 0.0421875 0.11203703703703703
1 0.1234375 0.9361111111111111 0.06041666666666667 0.10833333333333334
1 0.24583333333333332 0.5564814814814815 0.030208333333333334 0.16018518518518518
0 0.16041666666666668 0.4222222222222222 0.059375 0.09444444444444444
1 0.025520833333333333 0.812962962962963 0.05 0.09907407407407408
1 0.4578125 0.9685185185185186 0.08385416666666666 0.05740740740740741
0 0.36770833333333336 0.06018518518518518 0.1140625 0.10925925925925926
