0 0.8398148148148148 0.08854166666666667 0.15092592592592594 0.07864583333333333
0 0.37592592592592594 0.4161458333333333 0.13703703703703704 0.09322916666666667
0 0.8425925925925926 0.1828125 0.13425925925925927 0.07291666666666667
0 0.5824074074074074 0.284375 0.1361111111111111 0.07395833333333333
1 0.4111111111111111 0.08958333333333333 0.06851851851851852 0.0546875
0 0.6768518518518518 0.4166666666666667 0.1287037037037037 0.0765625
1 0.06759259259259259 0.2359375 0.11296296296296296 0.042708333333333334
1 0.06388888888888888 0.1234375 0.10925925925925926 0.0609375
1 0.44351851851851853 0.24583333333333332 0.16111111111111112 0.030729166666666665
0 0.5777777777777777 0.16041666666666668 0.09537037037037037 0.059895833333333336
1 0.18703703703703703 0.025520833333333333 0.1 0.050520833333333334
1 0.03148148148148148 0.4583333333333333 0.058333333333333334 0.084375
0 0.9398148148148148 0.36822916666666666 0.11018518518518519 0.11458333333333333
