1 0.5879629629629629 0.5484375 0.08796296296296297 0.06197916666666667
1 0.2490740740740741 0.4192708333333333 0.11203703703703703 0.06510416666666667
1 0.44074074074074077 0.25416666666666665 0.12962962962962962 0.04583333333333333
1 0.7731481481481481 0.5546875 0.11944444444444445 0.0328125
1 0.20185185185185187 0.5765625 0.07037037037037037 0.05260416666666667
1 0.45925925925925926 0.48333333333333334 0.0824074074074074 0.04791666666666667
1 0.225 0.31197916666666664 0.1037037037037037 0.034895833333333334
1 0.4287037037037037 0.13697916666666668 0.15462962962962962 0.0546875
1 0.40925925925925927 0.596875 0.15833333333333333 0.12239583333333333
0 0.9398148148148148 0.3859375 0.09444444444444444 0.06927083333333334
0 0.7444444444444445 0.2 0.1398148148148148 0.06145833333333333
1 0.6657407407407407 0.3578125 0.07962962962962963 0.053125
1 0.1574074074074074 0.5192708333333333 0.08703703703703704 0.0421875
1 0.2953703703703704 0.09739583333333333 0.05462962962962963 0.0890625
1 0.8777777777777778 0.1421875 0.13333333333333333 0.03697916666666667
1 0.9342592592592592 0.515625 0.13148148148148148 0.05
1 0.8333333333333334 0.48541666666666666 0.18518518518518517 0.065625
