1 0.685546875 0.5150462962962963 0.07747395833333333 0.1099537037037037
1 0.5240885416666666 0.9340277777777778 0.08138020833333333 0.13078703703703703
1 0.3177083333333333 0.7002314814814815 0.057291666666666664 0.16203703703703703
1 0.693359375 0.2835648148148148 0.041015625 0.14930555555555555
1 0.720703125 0.9768518518518519 0.06575520833333333 0.04513888888888889
1 0.6041666666666666 0.6759259259259259 0.059895833333333336 0.10300925925925926
1 0.3899739583333333 0.9525462962962963 0.043619791666666664 0.09490740740740741
1 0.17122395833333334 0.7141203703703703 0.068359375 0.19328703703703703
1 0.74609375 0.7384259259259259 0.15299479166666666 0.19791666666666666
0 0.482421875 0.0763888888888889 0.08658854166666667 0.11805555555555555
0 0.25 0.3194444444444444 0.07682291666666667 0.17476851851851852
1 0.447265625 0.41898148148148145 0.06640625 0.09953703703703703
1 0.12174479166666667 0.8807870370370371 0.111328125 0.06828703703703703
1 0.177734375 0.15393518518518517 0.046223958333333336 0.16666666666666666
1 0.64453125 0.08217592592592593 0.0625 0.16550925925925927
1 0.6067708333333334 0.20949074074074073 0.08203125 0.23148148148148148
