1 0.5484375 0.41203703703703703 0.06145833333333333 0.08703703703703704
1 0.4192708333333333 0.7509259259259259 0.06458333333333334 0.1111111111111111
1 0.25364583333333335 0.5592592592592592 0.0453125 0.1287037037037037
1 0.5546875 0.22685185185185186 0.03229166666666667 0.11851851851851852
1 0.5765625 0.7981481481481482 0.052083333333333336 0.06944444444444445
1 0.4828125 0.5407407407407407 0.04739583333333333 0.08148148148148149
1 0.31197916666666664 0.775 0.034375 0.10277777777777777
1 0.13697916666666668 0.5712962962962963 0.05416666666666667 0.1537037037037037
1 0.596875 0.5907407407407408 0.121875 0.1574074074074074
0 0.3859375 0.06018518518518518 0.06875 0.09351851851851851
0 0.19947916666666668 0.25555555555555554 0.0609375 0.1388888888888889
1 0.3572916666666667 0.33425925925925926 0.05260416666666667 0.0787037037037037
1 0.5192708333333333 0.8425925925925926 0.041666666666666664 0.08611111111111111
1 0.09739583333333333 0.7046296296296296 0.08854166666666667 0.053703703703703705
1 0.1421875 0.12222222222222222 0.036458333333333336 0.13240740740740742
1 0.5151041666666667 0.06574074074074074 0.049479166666666664 0.13148148148148148
1 0.48489583333333336 0.16666666666666666 0.06510416666666667 0.18425925925925926
