1 0.8055555555555556 0.4578125 0.07314814814814814 0.05572916666666667
0 0.10833333333333334 0.051041666666666666 0.08425925925925926 0.04583333333333333
1 0.6861111111111111 0.646875 0.06111111111111111 0.0453125
1 0.5907407407407408 0.115625 0.06018518518518518 0.0578125
1 0.34074074074074073 0.48072916666666665 0.10925925925925926 0.042708333333333334
1 0.8638888888888889 0.7348958333333333 0.06111111111111111 0.05520833333333333
1 0.44166666666666665 0.7619791666666667 0.05740740740740741 0.046875
1 0.20833333333333334 0.6677083333333333 0.08518518518518518 0.050520833333333334
1 0.9314814814814815 0.5630208333333333 0.10462962962962963 0.027604166666666666
1 0.30092592592592593 0.058333333333333334 0.09351851851851851 0.0640625
1 0.6444444444444445 0.4817708333333333 0.09814814814814815 0.027083333333333334
1 0.9361111111111111 0.6682291666666667 0.09537037037037037 0.035416666666666666
1 0.3537037037037037 0.7177083333333333 0.06759259259259259 0.03958333333333333
1 0.24722222222222223 0.4583333333333333 0.05185185185185185 0.06979166666666667
1 0.1935185185185185 0.5916666666666667 0.07962962962962963 0.0265625
1 0.3425925925925926 0.5588541666666667 0.09444444444444444 0.03229166666666667
1 0.562962962962963 0.5239583333333333 0.0712962962962963 0.03958333333333333
1 0.16944444444444445 0.778125 0.06944444444444445 0.0484375
1 0.6138888888888889 0.7098958333333333 0.12037037037037036 0.04791666666666667
1 0.5657407407407408 0.7635416666666667 0.08518518518518518 0.022916666666666665
1 0.30462962962962964 0.7927083333333333 0.0787037037037037 0.06822916666666666
0 0.7268518518518519 0.013541666666666667 0.1388888888888889 0.027604166666666666
1 0.9657407407407408 0.4578125 0.06759259259259259 0.0234375
1 0.49722222222222223 0.6291666666666667 0.06574074074074074 0.05572916666666667
1 0.14444444444444443 0.7432291666666667 0.06018518518518518 0.04010416666666667
