1 0.572265625 0.24305555555555555 0.06966145833333333 0.09143518518518519
1 0.80859375 0.39351851851851855 0.056640625 0.0763888888888889
1 0.14453125 0.5115740740740741 0.072265625 0.07523148148148148
1 0.6009114583333334 0.8252314814814815 0.053385416666666664 0.13657407407407407
1 0.9186197916666666 0.1712962962962963 0.06901041666666667 0.0763888888888889
1 0.9524739583333334 0.6990740740740741 0.05859375 0.07175925925925926
1 0.8346354166666666 0.96875 0.06315104166666667 0.0625
1 0.7037760416666666 0.08564814814814815 0.034505208333333336 0.13078703703703703
1 0.07291666666666667 0.8738425925925926 0.080078125 0.11689814814814815
1 0.6022135416666666 0.44560185185185186 0.033854166666666664 0.12268518518518519
1 0.8352864583333334 0.0798611111111111 0.044270833333333336 0.11921296296296297
1 0.8971354166666666 0.8078703703703703 0.049479166666666664 0.08449074074074074
1 0.5729166666666666 0.9421296296296297 0.08723958333333333 0.06481481481481481
1 0.7395833333333334 0.9791666666666666 0.033203125 0.04050925925925926
1 0.6985677083333334 0.8229166666666666 0.040364583333333336 0.11805555555555555
1 0.6549479166666666 0.5462962962962963 0.049479166666666664 0.08912037037037036
1 0.9713541666666666 0.9976851851851852 0.057291666666666664 0.004629629629629629
1 0.8873697916666666 0.4837962962962963 0.059895833333333336 0.15046296296296297
1 0.9544270833333334 0.5439814814814815 0.028645833333333332 0.10648148148148148
1 0.9739583333333334 0.8692129629629629 0.051432291666666664 0.09837962962962964
0 0.016927083333333332 0.3425925925925926 0.034505208333333336 0.1736111111111111
1 0.572265625 0.04282407407407408 0.029296875 0.08564814814814815
1 0.7864583333333334 0.6284722222222222 0.06966145833333333 0.08217592592592593
