1 0.4578125 0.19444444444444445 0.05520833333333333 0.07222222222222222
0 0.050520833333333334 0.8916666666666667 0.0453125 0.08333333333333333
1 0.646875 0.3138888888888889 0.04479166666666667 0.06018518518518518
1 0.115625 0.40925925925925927 0.057291666666666664 0.05925925925925926
1 0.48020833333333335 0.6592592592592592 0.0421875 0.10833333333333334
1 0.734375 0.1361111111111111 0.0546875 0.06018518518518518
1 0.7614583333333333 0.5583333333333333 0.04635416666666667 0.05648148148148148
1 0.6677083333333333 0.7916666666666666 0.05 0.08425925925925926
1 0.5630208333333333 0.06851851851851852 0.027083333333333334 0.1037037037037037
1 0.058333333333333334 0.6990740740740741 0.06354166666666666 0.09259259259259259
1 0.48125 0.35555555555555557 0.0265625 0.09722222222222222
1 0.6677083333333333 0.06388888888888888 0.034895833333333334 0.09444444444444444
1 0.7171875 0.6462962962962963 0.0390625 0.06666666666666667
1 0.4578125 0.7527777777777778 0.06927083333333334 0.05092592592592592
1 0.5916666666666667 0.8064814814814815 0.026041666666666668 0.0787037037037037
1 0.5583333333333333 0.6574074074074074 0.03177083333333333 0.09351851851851851
1 0.5234375 0.43703703703703706 0.0390625 0.07037037037037037
1 0.778125 0.8305555555555556 0.04791666666666667 0.06851851851851852
1 0.709375 0.3861111111111111 0.04739583333333333 0.11944444444444445
1 0.7630208333333334 0.43425925925925923 0.022395833333333334 0.08425925925925926
1 0.7927083333333333 0.6953703703703704 0.06770833333333333 0.07777777777777778
0 0.013541666666666667 0.27314814814814814 0.027083333333333334 0.13796296296296295
1 0.4578125 0.03333333333333333 0.022916666666666665 0.06759259259259259
1 0.6291666666666667 0.5027777777777778 0.05520833333333333 0.06481481481481481
1 0.7432291666666667 0.8555555555555555 0.03958333333333333 0.05925925925925926
