0 0.02734375 0.6284722222222222 0.0546875 0.1400462962962963
0 0.6438802083333334 0.7881944444444444 0.09049479166666667 0.16550925925925927
0 0.6575520833333334 0.5243055555555556 0.059244791666666664 0.1284722222222222
0 0.07291666666666667 0.25810185185185186 0.08984375 0.16319444444444445
0 0.12955729166666666 0.8136574074074074 0.08658854166666667 0.12384259259259259
0 0.9375 0.8171296296296297 0.06640625 0.11226851851851852
0 0.134765625 0.5254629629629629 0.07291666666666667 0.12152777777777778
0 0.7115885416666666 0.9629629629629629 0.055989583333333336 0.07291666666666667
0 0.208984375 0.046296296296296294 0.07877604166666667 0.09259259259259259
1 0.8860677083333334 0.27314814814814814 0.06510416666666667 0.09027777777777778
1 0.8352864583333334 0.06365740740740741 0.07291666666666667 0.1261574074074074
1 0.6627604166666666 0.2650462962962963 0.07942708333333333 0.0798611111111111
