0 0.49722222222222223 0.021875 0.11203703703703703 0.04375
1 0.07222222222222222 0.125 0.05740740740740741 0.07083333333333333
0 0.36944444444444446 0.5151041666666667 0.13240740740740742 0.07239583333333334
0 0.5805555555555556 0.5260416666666666 0.10277777777777777 0.04739583333333333
0 0.7935185185185185 0.058333333333333334 0.13055555555555556 0.071875
0 0.3490740740740741 0.10364583333333334 0.09907407407407408 0.06927083333333334
0 0.34629629629629627 0.75 0.08981481481481482 0.053125
0 0.5796296296296296 0.1078125 0.09722222222222222 0.058333333333333334
0 0.21574074074074073 0.5692708333333333 0.08703703703703704 0.04479166666666667
0 0.9629629629629629 0.1671875 0.07314814814814814 0.06302083333333333
1 0.7824074074074074 0.7088541666666667 0.07222222222222222 0.052083333333333336
1 0.04722222222222222 0.5744791666666667 0.08981481481481482 0.05416666666666667
1 0.14537037037037037 0.6833333333333333 0.05740740740740741 0.05520833333333333
1 0.9490740740740741 0.6682291666666667 0.10092592592592593 0.058333333333333334
1 0.787962962962963 0.5302083333333333 0.06388888888888888 0.06354166666666666
1 0.15555555555555556 0.8703125 0.06481481481481481 0.06510416666666667
0 0.9638888888888889 0.8651041666666667 0.05648148148148148 0.053125
