0 0.021354166666666667 0.5027777777777778 0.043229166666666666 0.1111111111111111
1 0.12447916666666667 0.9277777777777778 0.0703125 0.05648148148148148
0 0.5151041666666667 0.6305555555555555 0.071875 0.13148148148148148
0 0.5260416666666666 0.41944444444444445 0.046875 0.10185185185185185
0 0.0578125 0.2064814814814815 0.07135416666666666 0.12962962962962962
0 0.10364583333333334 0.6509259259259259 0.06875 0.09814814814814815
0 0.7494791666666667 0.6537037037037037 0.05260416666666667 0.08888888888888889
0 0.10729166666666666 0.4203703703703704 0.0578125 0.0962962962962963
0 0.56875 0.7842592592592592 0.044270833333333336 0.08611111111111111
0 0.1671875 0.03611111111111111 0.0625 0.07314814814814814
1 0.7083333333333334 0.2175925925925926 0.0515625 0.0712962962962963
1 0.5739583333333333 0.9527777777777777 0.05364583333333333 0.08888888888888889
1 0.6828125 0.8546296296296296 0.0546875 0.05648148148148148
1 0.6677083333333333 0.05092592592592592 0.0578125 0.1
1 0.5296875 0.21203703703703702 0.06302083333333333 0.06296296296296296
1 0.8703125 0.8444444444444444 0.06458333333333334 0.06388888888888888
0 0.8645833333333334 0.03611111111111111 0.05260416666666667 0.05555555555555555
