0 0.09259259259259259 0.8760416666666667 0.13796296296296295 0.0765625
0 0.6842592592592592 0.8755208333333333 0.17592592592592593 0.07760416666666667
0 0.43333333333333335 0.9526041666666667 0.14814814814814814 0.08645833333333333
0 0.5138888888888888 0.8026041666666667 0.11851851851851852 0.078125
0 0.36574074074074076 0.8052083333333333 0.11944444444444445 0.07395833333333333
1 0.40185185185185185 0.06041666666666667 0.09722222222222222 0.049479166666666664
1 0.6925925925925925 0.24270833333333333 0.0962962962962963 0.030729166666666665
1 0.5916666666666667 0.10208333333333333 0.08333333333333333 0.04375
1 0.09259259259259259 0.15520833333333334 0.09722222222222222 0.050520833333333334
1 0.5509259259259259 0.3067708333333333 0.08425925925925926 0.03802083333333333
1 0.19166666666666668 0.3296875 0.06296296296296296 0.049479166666666664
1 0.6194444444444445 0.04375 0.0787037037037037 0.06770833333333333
1 0.6851851851851852 0.15052083333333333 0.044444444444444446 0.0546875
1 0.2814814814814815 0.42916666666666664 0.058333333333333334 0.046875
1 0.6074074074074074 0.475 0.075 0.042708333333333334
1 0.49537037037037035 0.590625 0.08981481481481482 0.03958333333333333
1 0.7435185185185185 0.3489583333333333 0.1 0.059895833333333336
1 0.687037037037037 0.7364583333333333 0.23425925925925925 0.06041666666666667
0 0.2175925925925926 0.6739583333333333 0.1111111111111111 0.06510416666666667
1 0.44907407407407407 0.415625 0.07685185185185185 0.041666666666666664
0 0.40370370370370373 0.6802083333333333 0.08703703703703704 0.042708333333333334
1 0.6768518518518518 0.6088541666666667 0.11481481481481481 0.043229166666666666
1 0.6972222222222222 0.4552083333333333 0.06666666666666667 0.04114583333333333
0 0.044444444444444446 0.5828125 0.07407407407407407 0.06302083333333333
0 0.6074074074074074 0.9770833333333333 0.14166666666666666 0.044270833333333336
0 0.02962962962962963 0.7390625 0.05648148148148148 0.049479166666666664
1 0.36018518518518516 0.209375 0.06388888888888888 0.035416666666666666
1 0.2722222222222222 0.6151041666666667 0.06111111111111111 0.06354166666666666
1 0.026851851851851852 0.31979166666666664 0.05277777777777778 0.08177083333333333
