0 0.8760416666666667 0.9074074074074074 0.07604166666666666 0.13703703703703704
0 0.8755208333333333 0.31574074074074077 0.07708333333333334 0.175
0 0.9520833333333333 0.5666666666666667 0.0859375 0.14722222222222223
0 0.8020833333333334 0.4861111111111111 0.07760416666666667 0.1175925925925926
0 0.8046875 0.6342592592592593 0.0734375 0.11851851851851852
1 0.06041666666666667 0.5981481481481481 0.04895833333333333 0.0962962962962963
1 0.24270833333333333 0.3074074074074074 0.030208333333333334 0.09537037037037037
1 0.1015625 0.4083333333333333 0.043229166666666666 0.0824074074074074
1 0.15520833333333334 0.9074074074074074 0.05 0.0962962962962963
1 0.3067708333333333 0.44907407407407407 0.0375 0.08333333333333333
1 0.3296875 0.8083333333333333 0.04895833333333333 0.062037037037037036
1 0.043229166666666666 0.38055555555555554 0.0671875 0.07777777777777778
1 0.15052083333333333 0.3148148148148148 0.05416666666666667 0.04351851851851852
1 0.42864583333333334 0.7185185185185186 0.04635416666666667 0.05740740740740741
1 0.4744791666666667 0.3925925925925926 0.0421875 0.07407407407407407
1 0.5901041666666667 0.5046296296296297 0.0390625 0.08888888888888889
1 0.3489583333333333 0.2564814814814815 0.059375 0.09907407407407408
1 0.7359375 0.31296296296296294 0.059895833333333336 0.23333333333333334
0 0.6739583333333333 0.7824074074074074 0.06458333333333334 0.11018518518518519
1 0.41510416666666666 0.5509259259259259 0.04114583333333333 0.07592592592592592
0 0.6796875 0.5962962962962963 0.0421875 0.08611111111111111
1 0.6088541666666667 0.32314814814814813 0.042708333333333334 0.11388888888888889
1 0.4552083333333333 0.30277777777777776 0.040625 0.06574074074074074
0 0.5828125 0.9555555555555556 0.0625 0.07314814814814814
0 0.9770833333333333 0.3925925925925926 0.04375 0.14074074074074075
0 0.7390625 0.9703703703703703 0.04895833333333333 0.05555555555555555
1 0.20885416666666667 0.6398148148148148 0.034895833333333334 0.06296296296296296
1 0.6145833333333334 0.7277777777777777 0.06302083333333333 0.06018518518518518
1 0.31979166666666664 0.9731481481481481 0.08125 0.05185185185185185
