0 0.9772135416666666 0.6087962962962963 0.045572916666666664 0.14814814814814814
0 0.9798177083333334 0.7928240740740741 0.039713541666666664 0.14930555555555555
1 0.07552083333333333 0.7476851851851852 0.061848958333333336 0.12152777777777778
1 0.3033854166666667 0.3854166666666667 0.038411458333333336 0.12037037037037036
1 0.12760416666666666 0.5115740740740741 0.0546875 0.10416666666666667
1 0.3834635416666667 0.5613425925925926 0.047526041666666664 0.10532407407407407
1 0.412109375 0.9861111111111112 0.061848958333333336 0.027777777777777776
1 0.0546875 0.4756944444444444 0.08463541666666667 0.09837962962962964
1 0.18815104166666666 0.39467592592592593 0.068359375 0.05555555555555555
1 0.5364583333333334 0.8981481481481481 0.05859375 0.07291666666666667
1 0.59375 0.49074074074074076 0.053385416666666664 0.09375
1 0.73828125 0.6307870370370371 0.049479166666666664 0.11226851851851852
1 0.4361979166666667 0.32175925925925924 0.07486979166666667 0.125
1 0.9205729166666666 0.3912037037037037 0.07552083333333333 0.29282407407407407
0 0.8424479166666666 0.9548611111111112 0.08138020833333333 0.09027777777777778
1 0.51953125 0.6886574074074074 0.052083333333333336 0.09606481481481481
0 0.8502604166666666 0.7465277777777778 0.053385416666666664 0.1087962962962963
1 0.7610677083333334 0.4050925925925926 0.054036458333333336 0.14351851851851852
1 0.5690104166666666 0.37962962962962965 0.051432291666666664 0.08333333333333333
1 0.26171875 0.7997685185185185 0.044270833333333336 0.0798611111111111
1 0.7688802083333334 0.9108796296296297 0.07942708333333333 0.0763888888888889
