0 0.15885416666666666 0.47129629629629627 0.08125 0.16111111111111112
1 0.5369791666666667 0.6712962962962963 0.04895833333333333 0.08796296296296297
0 0.08177083333333333 0.09444444444444444 0.0828125 0.15925925925925927
0 0.5619791666666667 0.11666666666666667 0.0609375 0.1
0 0.6703125 0.44351851851851853 0.05416666666666667 0.1111111111111111
0 0.28177083333333336 0.49722222222222223 0.0609375 0.1037037037037037
0 0.8026041666666667 0.05092592592592592 0.08177083333333333 0.10277777777777777
0 0.6541666666666667 0.03148148148148148 0.07760416666666667 0.06296296296296296
1 0.5182291666666666 0.30833333333333335 0.03697916666666667 0.12685185185185185
0 0.8796875 0.8361111111111111 0.08125 0.15648148148148147
1 0.35260416666666666 0.28055555555555556 0.07239583333333334 0.13425925925925927
1 0.43125 0.044444444444444446 0.08229166666666667 0.08518518518518518
1 0.9739583333333334 0.33055555555555555 0.029166666666666667 0.1037037037037037
