0 0.19856770833333334 0.5891203703703703 0.10221354166666667 0.2025462962962963
1 0.6712239583333334 0.8402777777777778 0.061848958333333336 0.1111111111111111
0 0.10286458333333333 0.11805555555555555 0.10416666666666667 0.20023148148148148
0 0.703125 0.14583333333333334 0.07682291666666667 0.1261574074074074
0 0.837890625 0.5543981481481481 0.068359375 0.1400462962962963
0 0.3528645833333333 0.6215277777777778 0.07682291666666667 0.13078703703703703
0 0.9759114583333334 0.06481481481481481 0.047526041666666664 0.12962962962962962
0 0.818359375 0.03935185185185185 0.09765625 0.0798611111111111
1 0.6484375 0.38657407407407407 0.046875 0.1597222222222222
1 0.44140625 0.35185185185185186 0.09114583333333333 0.16898148148148148
1 0.5390625 0.05555555555555555 0.103515625 0.1076388888888889
