0 0.5287037037037037 0.15885416666666666 0.16203703703703703 0.08177083333333333
1 0.3287037037037037 0.5369791666666667 0.08888888888888889 0.049479166666666664
0 0.9055555555555556 0.08229166666666667 0.16018518518518518 0.08333333333333333
0 0.8833333333333333 0.5625 0.10092592592592593 0.06145833333333333
0 0.5564814814814815 0.6703125 0.11203703703703703 0.0546875
0 0.5027777777777778 0.28229166666666666 0.10462962962962963 0.06145833333333333
0 0.9481481481481482 0.803125 0.10277777777777777 0.08229166666666667
0 0.9685185185185186 0.6546875 0.06296296296296296 0.078125
1 0.6916666666666667 0.51875 0.12777777777777777 0.0375
0 0.1638888888888889 0.8796875 0.1574074074074074 0.08177083333333333
1 0.7194444444444444 0.353125 0.13518518518518519 0.07291666666666667
1 0.9555555555555556 0.43125 0.08611111111111111 0.0828125
1 0.6694444444444444 0.9739583333333334 0.10462962962962963 0.0296875
