0 0.6119791666666666 0.28425925925925927 0.0515625 0.1361111111111111
0 0.828125 0.1787037037037037 0.07395833333333333 0.12314814814814815
0 0.6526041666666667 0.4935185185185185 0.051041666666666666 0.09722222222222222
0 0.1921875 0.34629629629629627 0.07760416666666667 0.1111111111111111
0 0.8546875 0.6675925925925926 0.07239583333333334 0.11388888888888889
0 0.5348958333333333 0.11851851851851852 0.08645833333333333 0.1259259259259259
1 0.6270833333333333 0.8657407407407407 0.04375 0.07777777777777778
0 0.7395833333333334 0.4935185185185185 0.0578125 0.1111111111111111
1 0.48333333333333334 0.9583333333333334 0.044270833333333336 0.0787037037037037
0 0.8604166666666667 0.4148148148148148 0.06510416666666667 0.10092592592592593
1 0.6161458333333333 0.6046296296296296 0.043229166666666666 0.06481481481481481
1 0.5223958333333333 0.5601851851851852 0.06666666666666667 0.09074074074074075
1 0.08697916666666666 0.8351851851851851 0.03802083333333333 0.09537037037037037
0 0.6880208333333333 0.2962962962962963 0.06822916666666666 0.14351851851851852
0 0.5260416666666666 0.34629629629629627 0.058854166666666666 0.09351851851851851
1 0.8552083333333333 0.9046296296296297 0.08020833333333334 0.06666666666666667
0 0.6505208333333333 0.04259259259259259 0.084375 0.08611111111111111
0 0.0125 0.6101851851851852 0.025 0.08888888888888889
1 0.5046875 0.8101851851851852 0.0453125 0.05092592592592592
1 0.6869791666666667 0.8416666666666667 0.024479166666666666 0.07962962962962963
1 0.7203125 0.587037037037037 0.0375 0.10833333333333334
0 0.13802083333333334 0.023148148148148147 0.04010416666666667 0.04259259259259259
1 0.5489583333333333 0.8074074074074075 0.034375 0.06851851851851852
0 0.9473958333333333 0.02962962962962963 0.06197916666666667 0.05925925925925926
