0 0.7157407407407408 0.6125 0.13703703703703704 0.052083333333333336
0 0.8212962962962963 0.828125 0.12407407407407407 0.07447916666666667
0 0.5064814814814815 0.6526041666666667 0.09814814814814815 0.0515625
0 0.6537037037037037 0.19270833333333334 0.11203703703703703 0.078125
0 0.33240740740740743 0.8552083333333333 0.11481481481481481 0.07291666666666667
0 0.8814814814814815 0.5348958333333333 0.12685185185185185 0.08697916666666666
1 0.13425925925925927 0.6270833333333333 0.0787037037037037 0.044270833333333336
0 0.5064814814814815 0.7401041666666667 0.11203703703703703 0.058333333333333334
1 0.041666666666666664 0.48385416666666664 0.07962962962962963 0.04479166666666667
0 0.5851851851851851 0.8609375 0.10185185185185185 0.065625
1 0.39537037037037037 0.6166666666666667 0.06574074074074074 0.04375
1 0.4398148148148148 0.5223958333333333 0.09166666666666666 0.0671875
1 0.1648148148148148 0.0875 0.0962962962962963 0.03854166666666667
0 0.7037037037037037 0.6885416666666667 0.14444444444444443 0.06875
0 0.6537037037037037 0.5265625 0.09444444444444444 0.059375
1 0.09537037037037037 0.8552083333333333 0.06759259259259259 0.08072916666666667
0 0.9564814814814815 0.6505208333333333 0.08611111111111111 0.08489583333333334
0 0.38981481481481484 0.0125 0.08981481481481482 0.025520833333333333
1 0.18981481481481483 0.5052083333333334 0.05185185185185185 0.04583333333333333
1 0.15833333333333333 0.6875 0.08055555555555556 0.025
1 0.412962962962963 0.7203125 0.10925925925925926 0.03802083333333333
0 0.9768518518518519 0.13854166666666667 0.04351851851851852 0.040625
1 0.1925925925925926 0.5489583333333333 0.06944444444444445 0.034895833333333334
0 0.9703703703703703 0.9479166666666666 0.05925925925925926 0.0625
