0 0.765625 0.35648148148148145 0.06510416666666667 0.1712962962962963
0 0.994140625 0.22453703703703703 0.011067708333333334 0.1550925925925926
0 0.8157552083333334 0.6180555555555556 0.064453125 0.12268518518518519
0 0.24088541666666666 0.43287037037037035 0.09765625 0.1400462962962963
0 0.6686197916666666 0.14814814814814814 0.10872395833333333 0.15856481481481483
0 0.9251302083333334 0.6168981481481481 0.07291666666666667 0.1400462962962963
1 0.7708333333333334 0.7557870370370371 0.0546875 0.08217592592592593
1 0.6529947916666666 0.7002314814814815 0.083984375 0.11458333333333333
1 0.109375 0.9918981481481481 0.048177083333333336 0.015046296296296295
0 0.8606770833333334 0.3715277777777778 0.0859375 0.18055555555555555
0 0.658203125 0.4340277777777778 0.07421875 0.11805555555555555
0 0.8131510416666666 0.05439814814814815 0.10611979166666667 0.1087962962962963
0 0.015625 0.7627314814814815 0.031901041666666664 0.11226851851851852
1 0.6315104166666666 0.9907407407407407 0.057291666666666664 0.018518518518518517
1 0.900390625 0.7349537037037037 0.047526041666666664 0.13657407407407407
0 0.17317708333333334 0.028935185185185185 0.05078125 0.05439814814814815
1 0.6861979166666666 0.9826388888888888 0.043619791666666664 0.03356481481481482
