0 0.5203125 0.2861111111111111 0.07083333333333333 0.10648148148148148
1 0.5125 0.6638888888888889 0.042708333333333334 0.10740740740740741
0 0.9322916666666666 0.2564814814814815 0.07447916666666667 0.125
0 0.5239583333333333 0.053703703703703705 0.059375 0.09351851851851851
1 0.5411458333333333 0.5546296296296296 0.07552083333333333 0.06851851851851852
1 0.421875 0.6796296296296296 0.0328125 0.09907407407407408
0 0.9421875 0.05277777777777778 0.046875 0.10185185185185185
0 0.4239583333333333 0.1287037037037037 0.059375 0.10833333333333334
1 0.459375 0.9296296296296296 0.052083333333333336 0.07962962962962963
1 0.3 0.5342592592592592 0.05625 0.07962962962962963
1 0.38958333333333334 0.2388888888888889 0.036458333333333336 0.12314814814814815
0 0.98125 0.41574074074074074 0.035416666666666666 0.09259259259259259
1 0.165625 0.4824074074074074 0.0421875 0.06388888888888888
1 0.18177083333333333 0.8009259259259259 0.05260416666666667 0.05185185185185185
1 0.3848958333333333 0.5314814814814814 0.030729166666666665 0.08333333333333333
1 0.16979166666666667 0.9481481481481482 0.029166666666666667 0.08796296296296297
0 0.32916666666666666 0.14166666666666666 0.04479166666666667 0.08518518518518518
1 0.2713541666666667 0.2759259259259259 0.05677083333333333 0.05925925925925926
1 0.21197916666666666 0.4462962962962963 0.04635416666666667 0.075
1 0.1796875 0.23796296296296296 0.06875 0.08148148148148149
1 0.2375 0.7027777777777777 0.04583333333333333 0.05740740740740741
1 0.9213541666666667 0.912962962962963 0.059375 0.05555555555555555
1 0.14947916666666666 0.6361111111111111 0.10416666666666667 0.09814814814814815
0 0.17864583333333334 0.03518518518518519 0.09791666666666667 0.06111111111111111
1 0.3223958333333333 0.8490740740740741 0.0296875 0.06759259259259259
1 0.96875 0.5962962962962963 0.059375 0.1398148148148148
