0 0.7138888888888889 0.5203125 0.10740740740740741 0.07135416666666666
1 0.33611111111111114 0.5125 0.10833333333333334 0.043229166666666666
0 0.7435185185185185 0.9328125 0.1259259259259259 0.075
0 0.9462962962962963 0.5239583333333333 0.09444444444444444 0.059895833333333336
1 0.44537037037037036 0.5416666666666666 0.06944444444444445 0.07604166666666666
1 0.32037037037037036 0.42239583333333336 0.1 0.03333333333333333
0 0.9472222222222222 0.9421875 0.10277777777777777 0.04739583333333333
0 0.8712962962962963 0.4239583333333333 0.10925925925925926 0.059895833333333336
1 0.07037037037037037 0.459375 0.08055555555555556 0.05260416666666667
1 0.46574074074074073 0.3 0.08055555555555556 0.05677083333333333
1 0.7611111111111111 0.38958333333333334 0.12407407407407407 0.03697916666666667
0 0.5842592592592593 0.98125 0.09351851851851851 0.0359375
1 0.5175925925925926 0.16614583333333333 0.06481481481481481 0.042708333333333334
1 0.19907407407407407 0.18229166666666666 0.05277777777777778 0.053125
1 0.4685185185185185 0.3854166666666667 0.08425925925925926 0.03125
1 0.05185185185185185 0.16979166666666667 0.08888888888888889 0.0296875
0 0.8583333333333333 0.32916666666666666 0.08611111111111111 0.0453125
1 0.7240740740740741 0.271875 0.06018518518518518 0.057291666666666664
1 0.5537037037037037 0.2125 0.07592592592592592 0.046875
1 0.7620370370370371 0.1796875 0.0824074074074074 0.06927083333333334
1 0.2972222222222222 0.2375 0.058333333333333334 0.04635416666666667
1 0.08703703703703704 0.9213541666666667 0.05648148148148148 0.059895833333333336
1 0.3638888888888889 0.14947916666666666 0.09907407407407408 0.1046875
0 0.9648148148148148 0.17864583333333334 0.062037037037037036 0.0984375
1 0.15092592592592594 0.3229166666666667 0.06851851851851852 0.030208333333333334
1 0.40370370370370373 0.96875 0.14074074074074075 0.059895833333333336
