0 0.650390625 0.3587962962962963 0.08919270833333333 0.13425925925925927
1 0.640625 0.8298611111111112 0.054036458333333336 0.13541666666666666
0 0.6549479166666666 0.06828703703703703 0.07486979166666667 0.11805555555555555
1 0.6770833333333334 0.6932870370370371 0.09505208333333333 0.08680555555555555
1 0.5279947916666666 0.8506944444444444 0.041666666666666664 0.125
0 0.5299479166666666 0.16203703703703703 0.07486979166666667 0.13657407407407407
1 0.375 0.6678240740740741 0.07096354166666667 0.10069444444444445
1 0.4869791666666667 0.29976851851851855 0.046223958333333336 0.1550925925925926
1 0.20768229166666666 0.6041666666666666 0.053385416666666664 0.08101851851851852
1 0.22786458333333334 0.9837962962962963 0.06640625 0.03125
1 0.4817708333333333 0.6643518518518519 0.0390625 0.10532407407407407
0 0.4114583333333333 0.17708333333333334 0.056640625 0.1076388888888889
1 0.33984375 0.3449074074074074 0.07161458333333333 0.07523148148148148
1 0.265625 0.5590277777777778 0.05859375 0.09490740740740741
1 0.224609375 0.2974537037037037 0.08658854166666667 0.10300925925925926
1 0.296875 0.8784722222222222 0.057942708333333336 0.07291666666666667
1 0.18684895833333334 0.7951388888888888 0.130859375 0.12384259259259259
0 0.22330729166666666 0.04398148148148148 0.123046875 0.0775462962962963
