0 0.59765625 0.5231481481481481 0.09309895833333333 0.1261574074074074
0 0.8990885416666666 0.6076388888888888 0.07291666666666667 0.1261574074074074
0 0.6477864583333334 0.7326388888888888 0.07747395833333333 0.1412037037037037
1 0.5950520833333334 0.9571759259259259 0.068359375 0.08449074074074074
0 0.7272135416666666 0.9247685185185185 0.055989583333333336 0.10300925925925926
0 0.6295572916666666 0.09837962962962964 0.07356770833333333 0.1550925925925926
0 0.033203125 0.9259259259259259 0.06510416666666667 0.11342592592592593
0 0.9375 0.8356481481481481 0.06966145833333333 0.1087962962962963
0 0.7486979166666666 0.20023148148148148 0.06315104166666667 0.10532407407407407
1 0.6966145833333334 0.9953703703703703 0.052083333333333336 0.009259259259259259
0 0.23177083333333334 0.6435185185185185 0.08658854166666667 0.13541666666666666
0 0.646484375 0.3298611111111111 0.0625 0.12962962962962962
0 0.7063802083333334 0.4525462962962963 0.087890625 0.13194444444444445
0 0.8626302083333334 0.1099537037037037 0.07291666666666667 0.12384259259259259
1 0.8072916666666666 0.9780092592592593 0.050130208333333336 0.04398148148148148
1 0.9915364583333334 0.4224537037037037 0.016927083333333332 0.09490740740740741
0 0.716796875 0.7476851851851852 0.07096354166666667 0.13657407407407407
0 0.8190104166666666 0.9270833333333334 0.060546875 0.11805555555555555
0 0.80859375 0.3402777777777778 0.08658854166666667 0.13310185185185186
