0 0.5814814814814815 0.478125 0.10092592592592593 0.07447916666666667
0 0.10925925925925926 0.7479166666666667 0.11666666666666667 0.07083333333333333
0 0.5138888888888888 0.7192708333333333 0.10092592592592593 0.058333333333333334
0 0.4148148148148148 0.5182291666666666 0.11296296296296296 0.06197916666666667
1 0.22870370370370371 0.47604166666666664 0.07962962962962963 0.0546875
0 0.2601851851851852 0.5817708333333333 0.0824074074074074 0.04479166666666667
0 0.9222222222222223 0.5036458333333333 0.12407407407407407 0.058854166666666666
0 0.2601851851851852 0.0265625 0.09074074074074075 0.052083333333333336
0 0.33240740740740743 0.75 0.08703703703703704 0.05572916666666667
0 0.8398148148148148 0.5989583333333334 0.08425925925925926 0.050520833333333334
1 0.18055555555555555 0.5572916666666666 0.05555555555555555 0.041666666666666664
0 0.48518518518518516 0.18541666666666667 0.10833333333333334 0.06927083333333334
0 0.737037037037037 0.5171875 0.1037037037037037 0.05
0 0.6388888888888888 0.5651041666666666 0.10555555555555556 0.0703125
1 0.06296296296296296 0.09479166666666666 0.0962962962962963 0.027604166666666666
0 0.9120370370370371 0.6901041666666666 0.09907407407407408 0.058333333333333334
1 0.18888888888888888 0.6458333333333334 0.09444444444444444 0.04010416666666667
1 0.662962962962963 0.8135416666666667 0.07592592592592592 0.0546875
0 0.4027777777777778 0.5734375 0.10925925925925926 0.05677083333333333
0 0.25925925925925924 0.6552083333333333 0.09444444444444444 0.0484375
0 0.7277777777777777 0.646875 0.10648148148148148 0.06927083333333334
