0 0.478125 0.4185185185185185 0.07395833333333333 0.1
0 0.7473958333333334 0.8907407407407407 0.0703125 0.11574074074074074
0 0.71875 0.4861111111111111 0.0578125 0.1
0 0.5182291666666666 0.5851851851851851 0.06145833333333333 0.11203703703703703
1 0.47604166666666664 0.7712962962962963 0.05416666666666667 0.0787037037037037
0 0.58125 0.7398148148148148 0.044270833333333336 0.08148148148148149
0 0.5036458333333333 0.07777777777777778 0.058333333333333334 0.12314814814814815
0 0.026041666666666668 0.7398148148148148 0.0515625 0.08981481481481482
0 0.75 0.6675925925925926 0.05520833333333333 0.08611111111111111
0 0.5989583333333334 0.16018518518518518 0.05 0.08333333333333333
1 0.5567708333333333 0.8194444444444444 0.04114583333333333 0.05462962962962963
0 0.18541666666666667 0.5148148148148148 0.06875 0.10740740740740741
0 0.5166666666666667 0.26296296296296295 0.049479166666666664 0.10277777777777777
0 0.5651041666666666 0.3611111111111111 0.06979166666666667 0.10462962962962963
1 0.09479166666666666 0.937037037037037 0.027083333333333334 0.09537037037037037
0 0.6895833333333333 0.08796296296296297 0.0578125 0.09814814814814815
1 0.6458333333333334 0.8111111111111111 0.03958333333333333 0.09351851851851851
1 0.8135416666666667 0.337037037037037 0.05416666666666667 0.075
0 0.5734375 0.5972222222222222 0.05625 0.10833333333333334
0 0.6552083333333333 0.7407407407407407 0.04791666666666667 0.09351851851851851
0 0.646875 0.2722222222222222 0.06875 0.10555555555555556
