0 0.29739583333333336 0.5277777777777778 0.084375 0.13518518518518519
0 0.5255208333333333 0.23425925925925925 0.10885416666666667 0.17037037037037037
0 0.08333333333333333 0.775 0.059375 0.11574074074074074
1 0.9526041666666667 0.5666666666666667 0.08645833333333333 0.16203703703703703
1 0.9322916666666666 0.8935185185185185 0.058854166666666666 0.06759259259259259
0 0.026041666666666668 0.5851851851851851 0.05260416666666667 0.1675925925925926
0 0.030729166666666665 0.3314814814814815 0.06197916666666667 0.14722222222222223
0 0.9432291666666667 0.075 0.1125 0.15
1 0.20104166666666667 0.7935185185185185 0.08125 0.09166666666666666
1 0.033854166666666664 0.9583333333333334 0.057291666666666664 0.08055555555555556
1 0.44427083333333334 0.6537037037037037 0.025520833333333333 0.11388888888888889
0 0.9739583333333334 0.19907407407407407 0.052083333333333336 0.1962962962962963
