0 0.4722222222222222 0.29739583333333336 0.1361111111111111 0.08489583333333334
0 0.7657407407407407 0.5260416666666666 0.1712962962962963 0.109375
0 0.225 0.08333333333333333 0.11666666666666667 0.059895833333333336
1 0.43333333333333335 0.9526041666666667 0.16296296296296298 0.08697916666666666
1 0.10648148148148148 0.9328125 0.06851851851851852 0.059375
0 0.4148148148148148 0.0265625 0.1685185185185185 0.053125
0 0.6685185185185185 0.03125 0.14814814814814814 0.0625
0 0.925 0.9432291666666667 0.15 0.11302083333333333
1 0.2064814814814815 0.20104166666666667 0.09259259259259259 0.08177083333333333
1 0.041666666666666664 0.033854166666666664 0.08148148148148149 0.0578125
1 0.34629629629629627 0.44479166666666664 0.11481481481481481 0.026041666666666668
0 0.8009259259259259 0.9739583333333334 0.19722222222222222 0.052083333333333336
