0 0.28125 0.3675925925925926 0.11927083333333334 0.18611111111111112
0 0.6979166666666666 0.11203703703703703 0.075 0.13148148148148148
0 0.8109375 0.462037037037037 0.07708333333333334 0.1685185185185185
0 0.96875 0.8592592592592593 0.06145833333333333 0.20185185185185187
0 0.9291666666666667 0.03981481481481482 0.0765625 0.08055555555555556
1 0.6609375 0.32314814814814813 0.0625 0.15648148148148147
0 0.8041666666666667 0.03981481481481482 0.058854166666666666 0.08055555555555556
1 0.033854166666666664 0.600925925925926 0.06822916666666666 0.06574074074074074
1 0.1015625 0.23148148148148148 0.033854166666666664 0.12407407407407407
1 0.6703125 0.65 0.07604166666666666 0.06018518518518518
