0 0.6324074074074074 0.28177083333333336 0.18703703703703703 0.11979166666666667
0 0.887962962962963 0.6979166666666666 0.13240740740740742 0.07552083333333333
0 0.537962962962963 0.8109375 0.16944444444444445 0.07760416666666667
0 0.14074074074074075 0.96875 0.20277777777777778 0.06197916666666667
0 0.9592592592592593 0.9296875 0.08055555555555556 0.07708333333333334
1 0.6768518518518518 0.6609375 0.1574074074074074 0.06302083333333333
0 0.9592592592592593 0.8046875 0.08055555555555556 0.059375
1 0.3990740740740741 0.034375 0.06666666666666667 0.06875
1 0.7685185185185185 0.10208333333333333 0.125 0.034375
1 0.35 0.6703125 0.06111111111111111 0.0765625
