1 0.3645833333333333 0.5162037037037037 0.10091145833333333 0.11458333333333333
1 0.7083333333333334 0.8622685185185185 0.06640625 0.14583333333333334
1 0.3346354166666667 0.6504629629629629 0.07356770833333333 0.16898148148148148
1 0.6276041666666666 0.4756944444444444 0.10091145833333333 0.16203703703703703
1 0.513671875 0.5023148148148148 0.0625 0.14930555555555555
1 0.94921875 0.5578703703703703 0.1015625 0.1840277777777778
1 0.4166666666666667 0.9560185185185185 0.07356770833333333 0.07291666666666667
1 0.216796875 0.5879629629629629 0.125 0.08333333333333333
1 0.048828125 0.5636574074074074 0.05859375 0.23958333333333334
1 0.7591145833333334 0.5405092592592593 0.06510416666666667 0.1597222222222222
1 0.2545572916666667 0.8935185185185185 0.05859375 0.21296296296296297
1 0.935546875 0.8101851851851852 0.06705729166666667 0.10416666666666667
0 0.9694010416666666 0.9525462962962963 0.060546875 0.09490740740740741
1 0.032552083333333336 0.7511574074074074 0.06510416666666667 0.07175925925925926
