1 0.2916666666666667 0.412962962962963 0.08020833333333334 0.09074074074074075
1 0.5661458333333333 0.6888888888888889 0.05260416666666667 0.11574074074074074
1 0.2677083333333333 0.5194444444444445 0.058333333333333334 0.13425925925925927
1 0.5020833333333333 0.37962962962962965 0.08020833333333334 0.1287037037037037
0 0.9666666666666667 0.487962962962963 0.065625 0.1259259259259259
1 0.41041666666666665 0.40185185185185185 0.049479166666666664 0.11851851851851852
1 0.7635416666666667 0.4462962962962963 0.09010416666666667 0.14629629629629629
1 0.3333333333333333 0.7648148148148148 0.058333333333333334 0.05740740740740741
1 0.17291666666666666 0.46944444444444444 0.09947916666666666 0.06574074074074074
1 0.03854166666666667 0.45092592592592595 0.04635416666666667 0.19074074074074074
1 0.6067708333333334 0.43148148148148147 0.0515625 0.12685185185185185
1 0.203125 0.7148148148148148 0.04635416666666667 0.1712962962962963
1 0.7484375 0.6472222222222223 0.053125 0.0824074074074074
0 0.7848958333333333 0.775 0.0671875 0.10277777777777777
1 0.475 0.925 0.06197916666666667 0.0787037037037037
1 0.7515625 0.8703703703703703 0.08229166666666667 0.08796296296296297
1 0.025520833333333333 0.6 0.0515625 0.05648148148148148
1 0.014583333333333334 0.8638888888888889 0.029166666666666667 0.08703703703703704
