1 0.587037037037037 0.2916666666666667 0.09166666666666666 0.08072916666666667
1 0.3111111111111111 0.5666666666666667 0.11666666666666667 0.053125
1 0.48055555555555557 0.2677083333333333 0.13518518518518519 0.058854166666666666
1 0.6203703703703703 0.5020833333333333 0.12962962962962962 0.08072916666666667
0 0.5120370370370371 0.9666666666666667 0.12685185185185185 0.06614583333333333
1 0.5981481481481481 0.4109375 0.11944444444444445 0.05
1 0.5537037037037037 0.7640625 0.14722222222222223 0.090625
1 0.2351851851851852 0.3333333333333333 0.058333333333333334 0.058854166666666666
1 0.5305555555555556 0.1734375 0.06666666666666667 0.1
1 0.549074074074074 0.0390625 0.19166666666666668 0.046875
1 0.5685185185185185 0.6072916666666667 0.12777777777777777 0.052083333333333336
1 0.2851851851851852 0.20364583333333333 0.17222222222222222 0.046875
1 0.3527777777777778 0.7484375 0.08333333333333333 0.05364583333333333
0 0.225 0.7854166666666667 0.1037037037037037 0.06770833333333333
1 0.075 0.47552083333333334 0.07962962962962963 0.0625
1 0.12962962962962962 0.7515625 0.08888888888888889 0.0828125
1 0.4 0.026041666666666668 0.05740740740740741 0.052083333333333336
1 0.1361111111111111 0.014583333333333334 0.08796296296296297 0.0296875
