1 0.8463541666666666 0.9472222222222222 0.07916666666666666 0.09722222222222222
1 0.9572916666666667 0.3472222222222222 0.057291666666666664 0.12685185185185185
1 0.0734375 0.19444444444444445 0.06875 0.12777777777777777
1 0.32760416666666664 0.49166666666666664 0.058854166666666666 0.09351851851851851
1 0.6911458333333333 0.32314814814814813 0.041666666666666664 0.1175925925925926
1 0.5625 0.8287037037037037 0.04114583333333333 0.13333333333333333
1 0.625 0.4861111111111111 0.07135416666666666 0.06851851851851852
1 0.33645833333333336 0.7194444444444444 0.04583333333333333 0.08611111111111111
1 0.2682291666666667 0.899074074074074 0.041666666666666664 0.1388888888888889
1 0.15364583333333334 0.41203703703703703 0.0484375 0.1398148148148148
1 0.359375 0.2175925925925926 0.07708333333333334 0.11574074074074074
1 0.40208333333333335 0.8953703703703704 0.027083333333333334 0.13425925925925927
1 0.5947916666666667 0.6453703703703704 0.036458333333333336 0.0962962962962963
1 0.9078125 0.7027777777777777 0.04895833333333333 0.125
1 0.7708333333333334 0.6129629629629629 0.03177083333333333 0.11018518518518519
1 0.13489583333333333 0.8657407407407407 0.03958333333333333 0.125
1 0.7713541666666667 0.18981481481481483 0.041666666666666664 0.09444444444444444
1 0.035416666666666666 0.5731481481481482 0.07135416666666666 0.11203703703703703
1 0.8171875 0.3472222222222222 0.053125 0.08981481481481482
1 0.21614583333333334 0.125 0.04479166666666667 0.1388888888888889
1 0.6942708333333333 0.9268518518518518 0.06979166666666667 0.10185185185185185
1 0.4427083333333333 0.4824074074074074 0.043229166666666666 0.08425925925925926
1 0.5239583333333333 0.21481481481481482 0.0515625 0.11203703703703703
1 0.15052083333333333 0.7111111111111111 0.11302083333333333 0.07314814814814814
1 0.9822916666666667 0.7981481481481482 0.033854166666666664 0.08333333333333333
