1 0.091796875 0.24305555555555555 0.08658854166666667 0.16087962962962962
1 0.41015625 0.6157407407407407 0.07421875 0.11805555555555555
1 0.8639322916666666 0.4050925925925926 0.052734375 0.14814814814814814
1 0.7037760416666666 0.9756944444444444 0.052083333333333336 0.047453703703703706
1 0.7819010416666666 0.6076388888888888 0.08984375 0.08680555555555555
1 0.4205729166666667 0.9004629629629629 0.057942708333333336 0.1087962962962963
1 0.19270833333333334 0.5162037037037037 0.061197916666666664 0.17592592592592593
1 0.44921875 0.27314814814814814 0.09700520833333333 0.14583333333333334
1 0.7434895833333334 0.8067129629629629 0.046223958333333336 0.12152777777777778
1 0.9641927083333334 0.7673611111111112 0.040364583333333336 0.1388888888888889
1 0.9641927083333334 0.23726851851851852 0.052734375 0.11921296296296297
1 0.044921875 0.7175925925925926 0.08984375 0.1412037037037037
1 0.994140625 0.4351851851851852 0.01171875 0.11342592592592593
1 0.2701822916666667 0.15625 0.056640625 0.17476851851851852
1 0.5540364583333334 0.6041666666666666 0.0546875 0.10648148148148148
1 0.6555989583333334 0.26967592592592593 0.06510416666666667 0.1412037037037037
1 0.18880208333333334 0.8900462962962963 0.14192708333333334 0.09259259259259259
