1 0.05277777777777778 0.8463541666666666 0.09814814814814815 0.0796875
1 0.6527777777777778 0.9572916666666667 0.12777777777777777 0.0578125
1 0.8055555555555556 0.0734375 0.1287037037037037 0.06927083333333334
1 0.5083333333333333 0.328125 0.09444444444444444 0.059375
1 0.6768518518518518 0.6911458333333333 0.11851851851851852 0.0421875
1 0.1712962962962963 0.5630208333333333 0.13425925925925927 0.041666666666666664
1 0.5138888888888888 0.6255208333333333 0.06944444444444445 0.071875
1 0.28055555555555556 0.33645833333333336 0.08703703703703704 0.04635416666666667
1 0.10092592592592593 0.2682291666666667 0.1398148148148148 0.0421875
1 0.5879629629629629 0.15416666666666667 0.14074074074074075 0.04895833333333333
1 0.7824074074074074 0.359375 0.11666666666666667 0.07760416666666667
1 0.10462962962962963 0.40208333333333335 0.13518518518518519 0.027604166666666666
1 0.35462962962962963 0.5947916666666667 0.09722222222222222 0.03697916666666667
1 0.2972222222222222 0.9078125 0.1259259259259259 0.049479166666666664
1 0.387037037037037 0.7713541666666667 0.1111111111111111 0.03229166666666667
1 0.13425925925925927 0.13489583333333333 0.1259259259259259 0.04010416666666667
1 0.8101851851851852 0.7713541666666667 0.09537037037037037 0.0421875
1 0.42685185185185187 0.0359375 0.11296296296296296 0.071875
1 0.6527777777777778 0.8171875 0.09074074074074075 0.05364583333333333
1 0.875 0.21614583333333334 0.1398148148148148 0.0453125
1 0.07314814814814814 0.6942708333333333 0.10277777777777777 0.0703125
1 0.5175925925925926 0.4432291666666667 0.08518518518518518 0.04375
1 0.7851851851851852 0.5244791666666667 0.11296296296296296 0.052083333333333336
1 0.28888888888888886 0.15104166666666666 0.07407407407407407 0.11354166666666667
1 0.20185185185185187 0.9828125 0.08425925925925926 0.034375
