0 0.475 0.07314814814814814 0.04635416666666667 0.07962962962962963
1 0.25 0.6185185185185185 0.043229166666666666 0.06759259259259259
1 0.05625 0.5546296296296296 0.05260416666666667 0.049074074074074076
0 0.7135416666666666 0.03611111111111111 0.04895833333333333 0.06296296296296296
1 0.022395833333333334 0.8842592592592593 0.0359375 0.1175925925925926
1 0.2 0.8287037037037037 0.025 0.08518518518518518
1 0.07864583333333333 0.7083333333333334 0.0609375 0.04814814814814815
1 0.6416666666666667 0.9648148148148148 0.041666666666666664 0.06666666666666667
1 0.10989583333333333 0.9768518518518519 0.027083333333333334 0.040740740740740744
1 0.1203125 0.7703703703703704 0.029166666666666667 0.10462962962962963
1 0.16979166666666667 0.6166666666666667 0.06041666666666667 0.04722222222222222
1 0.5828125 0.8009259259259259 0.0234375 0.037037037037037035
1 0.34010416666666665 0.687037037037037 0.025 0.10092592592592593
1 0.48802083333333335 0.7842592592592592 0.0484375 0.06574074074074074
1 0.3265625 0.8268518518518518 0.025520833333333333 0.06944444444444445
1 0.6130208333333333 0.6888888888888889 0.024479166666666666 0.09074074074074075
1 0.7166666666666667 0.7324074074074074 0.1015625 0.08888888888888889
1 0.49583333333333335 0.9074074074074074 0.04114583333333333 0.06111111111111111
1 0.28020833333333334 0.9666666666666667 0.042708333333333334 0.06018518518518518
1 0.44583333333333336 0.6620370370370371 0.0296875 0.1037037037037037
1 0.4114583333333333 0.9259259259259259 0.034895833333333334 0.05092592592592592
1 0.8234375 0.6898148148148148 0.08541666666666667 0.06574074074074074
1 0.296875 0.9055555555555556 0.06770833333333333 0.03981481481481482
1 0.8166666666666667 0.8379629629629629 0.0375 0.10648148148148148
1 0.7729166666666667 0.899074074074074 0.04895833333333333 0.05925925925925926
