0 0.5944010416666666 0.09143518518518519 0.05859375 0.10069444444444445
1 0.3131510416666667 0.7743055555555556 0.0546875 0.08564814814814815
1 0.07096354166666667 0.6944444444444444 0.06640625 0.0625
0 0.8919270833333334 0.04513888888888889 0.061848958333333336 0.0798611111111111
1 0.25 0.9907407407407407 0.031901041666666664 0.017361111111111112
1 0.09895833333333333 0.8854166666666666 0.07682291666666667 0.061342592592592594
1 0.150390625 0.9490740740740741 0.037109375 0.10185185185185185
1 0.21223958333333334 0.7719907407407407 0.076171875 0.06018518518518518
1 0.7291666666666666 0.9884259259259259 0.029947916666666668 0.02199074074074074
1 0.4251302083333333 0.8599537037037037 0.031901041666666664 0.12731481481481483
1 0.6106770833333334 0.9699074074074074 0.061197916666666664 0.06018518518518518
1 0.4088541666666667 0.9953703703703703 0.032552083333333336 0.009259259259259259
1 0.7669270833333334 0.8611111111111112 0.03125 0.11458333333333333
1 0.896484375 0.9155092592592593 0.12760416666666666 0.11226851851851852
1 0.5579427083333334 0.8275462962962963 0.037760416666666664 0.13078703703703703
1 0.9876302083333334 0.8634259259259259 0.024088541666666668 0.08333333333333333
1 0.9986979166666666 0.9907407407407407 0.0026041666666666665 0.018518518518518517
