0 0.9268518518518518 0.47552083333333334 0.08055555555555556 0.046875
1 0.3814814814814815 0.25052083333333336 0.06851851851851852 0.04375
1 0.44537037037037036 0.05677083333333333 0.05 0.053125
0 0.9638888888888889 0.7135416666666666 0.06388888888888888 0.049479166666666664
1 0.11574074074074074 0.022916666666666665 0.11851851851851852 0.036458333333333336
1 0.1712962962962963 0.2 0.08611111111111111 0.025520833333333333
1 0.2916666666666667 0.07916666666666666 0.049074074074074076 0.06145833333333333
1 0.03518518518518519 0.6416666666666667 0.06759259259259259 0.0421875
1 0.023148148148148147 0.10989583333333333 0.041666666666666664 0.027604166666666666
1 0.22962962962962963 0.1203125 0.10555555555555556 0.0296875
1 0.38333333333333336 0.16979166666666667 0.04814814814814815 0.0609375
1 0.19907407407407407 0.5833333333333334 0.03796296296296296 0.023958333333333335
1 0.31296296296296294 0.34010416666666665 0.10185185185185185 0.025520833333333333
1 0.21574074074074073 0.48854166666666665 0.06666666666666667 0.04895833333333333
1 0.17314814814814813 0.32708333333333334 0.07037037037037037 0.026041666666666668
1 0.3111111111111111 0.6135416666666667 0.09166666666666666 0.025
1 0.2675925925925926 0.7171875 0.08981481481481482 0.10208333333333333
1 0.09259259259259259 0.49635416666666665 0.062037037037037036 0.041666666666666664
1 0.03333333333333333 0.28020833333333334 0.06111111111111111 0.043229166666666666
1 0.33796296296296297 0.44635416666666666 0.10462962962962963 0.030208333333333334
1 0.07407407407407407 0.4119791666666667 0.05185185185185185 0.035416666666666666
1 0.3101851851851852 0.8234375 0.06666666666666667 0.0859375
1 0.09444444444444444 0.296875 0.040740740740740744 0.06822916666666666
1 0.16203703703703703 0.8166666666666667 0.10740740740740741 0.03802083333333333
1 0.10092592592592593 0.7729166666666667 0.06018518518518518 0.049479166666666664
