1 0.0359375 0.6601851851851852 0.035416666666666666 0.13703703703703704
0 0.17395833333333333 0.44814814814814813 0.05677083333333333 0.10740740740740741
1 0.6583333333333333 0.4083333333333333 0.05 0.12777777777777777
1 0.6041666666666666 0.7444444444444445 0.0734375 0.08981481481481482
1 0.575 0.9305555555555556 0.065625 0.10833333333333334
1 0.9177083333333333 0.23055555555555557 0.08541666666666667 0.12314814814814815
1 0.14791666666666667 0.9407407407407408 0.09427083333333333 0.09351851851851851
1 0.8666666666666667 0.43796296296296294 0.0453125 0.13796296296296295
1 0.8786458333333333 0.6861111111111111 0.078125 0.08981481481481482
1 0.89375 0.10648148148148148 0.04895833333333333 0.10648148148148148
1 0.5776041666666667 0.5351851851851852 0.07239583333333334 0.11481481481481481
1 0.796875 0.8722222222222222 0.059895833333333336 0.0962962962962963
1 0.7421875 0.4083333333333333 0.049479166666666664 0.12777777777777777
1 0.6026041666666667 0.16944444444444445 0.07447916666666667 0.12037037037037036
1 0.7572916666666667 0.5824074074074074 0.04635416666666667 0.10833333333333334
1 0.7901041666666667 0.08611111111111111 0.07291666666666667 0.14537037037037037
1 0.7078125 0.7611111111111111 0.057291666666666664 0.062037037037037036
1 0.7484375 0.8222222222222222 0.019270833333333334 0.16111111111111112
