1 0.3398148148148148 0.0359375 0.13796296296296295 0.0359375
0 0.5518518518518518 0.17447916666666666 0.10833333333333334 0.057291666666666664
1 0.5916666666666667 0.6583333333333333 0.1287037037037037 0.050520833333333334
1 0.25555555555555554 0.6046875 0.09074074074074075 0.07395833333333333
1 0.06944444444444445 0.575 0.10925925925925926 0.06614583333333333
1 0.7694444444444445 0.9177083333333333 0.12407407407407407 0.0859375
1 0.05925925925925926 0.1484375 0.09444444444444444 0.09479166666666666
1 0.562037037037037 0.8671875 0.1388888888888889 0.04583333333333333
1 0.3138888888888889 0.8786458333333333 0.09074074074074075 0.07864583333333333
1 0.8935185185185185 0.89375 0.10740740740740741 0.049479166666666664
1 0.4648148148148148 0.578125 0.11574074074074074 0.07291666666666667
1 0.12777777777777777 0.7973958333333333 0.09722222222222222 0.06041666666666667
1 0.5916666666666667 0.7427083333333333 0.1287037037037037 0.05
1 0.8305555555555556 0.603125 0.12129629629629629 0.075
1 0.41759259259259257 0.7578125 0.10925925925925926 0.046875
1 0.9138888888888889 0.7901041666666667 0.14629629629629629 0.0734375
1 0.2388888888888889 0.7078125 0.06296296296296296 0.0578125
1 0.17777777777777778 0.7489583333333333 0.16203703703703703 0.019791666666666666
