1 0.044921875 0.8252314814814815 0.044921875 0.1724537037037037
0 0.21809895833333334 0.5601851851851852 0.07161458333333333 0.13541666666666666
1 0.8229166666666666 0.5104166666666666 0.06315104166666667 0.16087962962962962
1 0.755859375 0.9317129629629629 0.09244791666666667 0.11342592592592593
1 0.72265625 0.6689814814814815 0.09114583333333333 0.14467592592592593
1 0.9283854166666666 0.5104166666666666 0.0625 0.16087962962962962
1 0.75390625 0.21180555555555555 0.09375 0.15162037037037038
1 0.947265625 0.7291666666666666 0.05859375 0.13657407407407407
1 0.970703125 0.1087962962962963 0.057942708333333336 0.18287037037037038
1 0.884765625 0.9525462962962963 0.072265625 0.0787037037037037
1 0.9361979166666666 0.9629629629629629 0.024739583333333332 0.07291666666666667
