0 0.71484375 0.5 0.09635416666666667 0.1400462962962963
0 0.8509114583333334 0.9097222222222222 0.10481770833333333 0.18055555555555555
0 0.5696614583333334 0.6423611111111112 0.07291666666666667 0.16203703703703703
0 0.619140625 0.9872685185185185 0.080078125 0.024305555555555556
0 0.544921875 0.8923611111111112 0.1171875 0.1724537037037037
1 0.053385416666666664 0.5208333333333334 0.047526041666666664 0.14467592592592593
0 0.9485677083333334 0.08796296296296297 0.06575520833333333 0.17708333333333334
1 0.7161458333333334 0.09259259259259259 0.053385416666666664 0.15856481481481483
1 0.107421875 0.24768518518518517 0.08333333333333333 0.1701388888888889
1 0.603515625 0.32523148148148145 0.10611979166666667 0.1284722222222222
1 0.08919270833333333 0.1527777777777778 0.057291666666666664 0.2175925925925926
1 0.08268229166666667 0.8321759259259259 0.051432291666666664 0.09490740740740741
1 0.013671875 0.14583333333333334 0.02734375 0.11574074074074074
