0 0.6 0.571875 0.11203703703703703 0.07708333333333334
0 0.26666666666666666 0.6807291666666667 0.15648148148148147 0.08385416666666666
0 0.48703703703703705 0.4557291666666667 0.12962962962962962 0.058333333333333334
0 0.5787037037037037 0.8630208333333333 0.11203703703703703 0.1
0 0.16111111111111112 0.4953125 0.11851851851851852 0.0640625
1 0.08333333333333333 0.6229166666666667 0.07222222222222222 0.07864583333333333
0 0.2861111111111111 0.4359375 0.13796296296296295 0.09375
1 0.5833333333333334 0.042708333333333334 0.11574074074074074 0.03802083333333333
0 0.9296296296296296 0.7588541666666667 0.14074074074074075 0.05260416666666667
1 0.9259259259259259 0.5729166666666666 0.12685185185185185 0.042708333333333334
1 0.8018518518518518 0.0859375 0.1361111111111111 0.06666666666666667
1 0.11666666666666667 0.7828125 0.1527777777777778 0.030729166666666665
1 0.7398148148148148 0.4828125 0.10277777777777777 0.08489583333333334
1 0.8787037037037037 0.07135416666666666 0.17407407407407408 0.04583333333333333
1 0.3351851851851852 0.06614583333333333 0.07592592592592592 0.04114583333333333
1 0.8842592592592593 0.0109375 0.09259259259259259 0.021875
1 0.10648148148148148 0.016666666666666666 0.08703703703703704 0.03333333333333333
