0 0.5713541666666667 0.4 0.0765625 0.1111111111111111
0 0.6807291666666667 0.7333333333333333 0.08333333333333333 0.15555555555555556
0 0.4552083333333333 0.512962962962963 0.0578125 0.1287037037037037
0 0.8625 0.4212962962962963 0.09947916666666666 0.1111111111111111
0 0.4953125 0.8388888888888889 0.06354166666666666 0.1175925925925926
1 0.6229166666666667 0.9166666666666666 0.078125 0.0712962962962963
0 0.4354166666666667 0.7138888888888889 0.09322916666666667 0.13703703703703704
1 0.042708333333333334 0.4166666666666667 0.0375 0.11481481481481481
0 0.7588541666666667 0.07037037037037037 0.052083333333333336 0.14074074074074075
1 0.5723958333333333 0.07407407407407407 0.0421875 0.1259259259259259
1 0.08541666666666667 0.19814814814814816 0.06614583333333333 0.13518518518518519
1 0.7828125 0.8833333333333333 0.030208333333333334 0.15185185185185185
1 0.4828125 0.2601851851851852 0.084375 0.10185185185185185
1 0.07083333333333333 0.12129629629629629 0.0453125 0.17314814814814813
1 0.06614583333333333 0.6648148148148149 0.040625 0.075
1 0.010416666666666666 0.11574074074074074 0.021354166666666667 0.09166666666666666
1 0.016145833333333335 0.8935185185185185 0.0328125 0.08611111111111111
