0 0.16731770833333334 0.05439814814814815 0.07747395833333333 0.1087962962962963
0 0.28515625 0.08101851851851852 0.080078125 0.16203703703703703
1 0.59375 0.8136574074074074 0.059244791666666664 0.1284722222222222
1 0.6920572916666666 0.9421296296296297 0.053385416666666664 0.11574074074074074
1 0.7044270833333334 0.7407407407407407 0.050130208333333336 0.11805555555555555
1 0.11263020833333333 0.7824074074074074 0.07421875 0.06828703703703703
1 0.2604166666666667 0.7303240740740741 0.046223958333333336 0.10185185185185185
1 0.8483072916666666 0.7546296296296297 0.10221354166666667 0.06481481481481481
1 0.44921875 0.6759259259259259 0.044270833333333336 0.10300925925925926
1 0.19921875 0.9641203703703703 0.056640625 0.07060185185185185
1 0.4680989583333333 0.8067129629629629 0.08854166666666667 0.06944444444444445
1 0.09895833333333333 0.9780092592592593 0.068359375 0.04282407407407408
1 0.3483072916666667 0.9664351851851852 0.09375 0.06712962962962964
1 0.7786458333333334 0.9629629629629629 0.07421875 0.07291666666666667
0 0.3658854166666667 0.023148148148148147 0.036458333333333336 0.04282407407407408
