0 0.13385416666666666 0.04259259259259259 0.06145833333333333 0.08611111111111111
0 0.228125 0.06388888888888888 0.06354166666666666 0.1287037037037037
1 0.475 0.6509259259259259 0.046875 0.10185185185185185
1 0.553125 0.7685185185185185 0.0421875 0.12314814814814815
1 0.5635416666666667 0.5916666666666667 0.03958333333333333 0.09351851851851851
1 0.08958333333333333 0.6259259259259259 0.058854166666666666 0.053703703703703705
1 0.24635416666666668 0.8629629629629629 0.046875 0.07592592592592592
1 0.20833333333333334 0.5833333333333334 0.036458333333333336 0.08055555555555556
1 0.084375 0.9212962962962963 0.053125 0.06666666666666667
1 0.6786458333333333 0.6027777777777777 0.08125 0.05092592592592592
1 0.35885416666666664 0.5407407407407407 0.034895833333333334 0.08148148148148149
1 0.159375 0.7759259259259259 0.04479166666666667 0.06574074074074074
1 0.37395833333333334 0.6444444444444445 0.0703125 0.05462962962962963
1 0.07916666666666666 0.7962962962962963 0.05416666666666667 0.062037037037037036
1 0.45729166666666665 0.8944444444444445 0.029166666666666667 0.09351851851851851
1 0.278125 0.7768518518518519 0.07447916666666667 0.06111111111111111
1 0.6223958333333334 0.8092592592592592 0.058854166666666666 0.1361111111111111
1 0.3765625 0.8462962962962963 0.024479166666666666 0.08703703703703704
0 0.2921875 0.018518518518518517 0.028645833333333332 0.03333333333333333
1 0.5036458333333333 0.9527777777777777 0.05260416666666667 0.04814814814814815
