0 0.9564814814814815 0.13385416666666666 0.08611111111111111 0.06197916666666667
0 0.9351851851851852 0.228125 0.1287037037037037 0.0640625
1 0.3490740740740741 0.475 0.10277777777777777 0.04739583333333333
1 0.23148148148148148 0.5536458333333333 0.12407407407407407 0.042708333333333334
1 0.4083333333333333 0.5635416666666667 0.09444444444444444 0.04010416666666667
1 0.37407407407407406 0.09010416666666667 0.05462962962962963 0.059375
1 0.13703703703703704 0.24635416666666668 0.07685185185185185 0.04739583333333333
1 0.4166666666666667 0.20833333333333334 0.08148148148148149 0.03697916666666667
1 0.0787037037037037 0.084375 0.06759259259259259 0.05364583333333333
1 0.3972222222222222 0.6786458333333333 0.05185185185185185 0.08177083333333333
1 0.45925925925925926 0.359375 0.0824074074074074 0.035416666666666666
1 0.22407407407407406 0.159375 0.06666666666666667 0.0453125
1 0.35555555555555557 0.37447916666666664 0.05555555555555555 0.07083333333333333
1 0.2037037037037037 0.07916666666666666 0.06296296296296296 0.0546875
1 0.10555555555555556 0.45729166666666665 0.09444444444444444 0.0296875
1 0.22314814814814815 0.2786458333333333 0.062037037037037036 0.075
1 0.19074074074074074 0.6229166666666667 0.13703703703703704 0.059375
1 0.1537037037037037 0.3770833333333333 0.08796296296296297 0.025
0 0.9814814814814815 0.29270833333333335 0.03425925925925926 0.029166666666666667
1 0.04722222222222222 0.5041666666666667 0.049074074074074076 0.053125
