1 0.7244791666666667 0.08148148148148149 0.04010416666666667 0.08981481481481482
1 0.47760416666666666 0.225 0.052083333333333336 0.10462962962962963
1 0.8453125 0.35 0.043229166666666666 0.05185185185185185
1 0.5182291666666666 0.041666666666666664 0.042708333333333334 0.08425925925925926
1 0.6260416666666667 0.26851851851851855 0.03802083333333333 0.06481481481481481
1 0.571875 0.5370370370370371 0.051041666666666666 0.08518518518518518
1 0.49947916666666664 0.637962962962963 0.065625 0.06296296296296296
1 0.8333333333333334 0.1824074074074074 0.043229166666666666 0.07777777777777778
1 0.8307291666666666 0.662962962962963 0.036458333333333336 0.12037037037037036
1 0.26875 0.1648148148148148 0.07083333333333333 0.06851851851851852
1 0.7375 0.6157407407407407 0.08541666666666667 0.075
1 0.7473958333333334 0.4388888888888889 0.04583333333333333 0.06388888888888888
1 0.3796875 0.7148148148148148 0.03802083333333333 0.13148148148148148
1 0.2734375 0.45092592592592595 0.071875 0.0787037037037037
1 0.3234375 0.03425925925925926 0.044270833333333336 0.06944444444444445
1 0.4557291666666667 0.019444444444444445 0.06822916666666666 0.03981481481481482
1 0.22916666666666666 0.7111111111111111 0.07708333333333334 0.05092592592592592
0 0.9828125 0.6259259259259259 0.033854166666666664 0.1398148148148148
1 0.8895833333333333 0.032407407407407406 0.033854166666666664 0.06574074074074074
