1 0.9185185185185185 0.725 0.09074074074074075 0.040625
1 0.775 0.47760416666666666 0.10555555555555556 0.05260416666666667
1 0.65 0.8458333333333333 0.05277777777777778 0.04375
1 0.9574074074074074 0.5182291666666666 0.08425925925925926 0.043229166666666666
1 0.7314814814814815 0.6265625 0.06574074074074074 0.03854166666666667
1 0.46296296296296297 0.571875 0.08611111111111111 0.0515625
1 0.36203703703703705 0.49947916666666664 0.06388888888888888 0.06614583333333333
1 0.8175925925925925 0.8338541666666667 0.0787037037037037 0.04375
1 0.337037037037037 0.8307291666666666 0.12129629629629629 0.03697916666666667
1 0.8351851851851851 0.26875 0.06944444444444445 0.07135416666666666
1 0.38425925925925924 0.7375 0.07592592592592592 0.0859375
1 0.5611111111111111 0.7473958333333334 0.06481481481481481 0.04635416666666667
1 0.2851851851851852 0.3802083333333333 0.13240740740740742 0.03854166666666667
1 0.549074074074074 0.2734375 0.07962962962962963 0.07239583333333334
1 0.9648148148148148 0.32395833333333335 0.06944444444444445 0.04479166666666667
1 0.9796296296296296 0.45625 0.03981481481481482 0.06875
1 0.28888888888888886 0.22916666666666666 0.05185185185185185 0.07760416666666667
0 0.37407407407407406 0.9828125 0.14074074074074075 0.033854166666666664
1 0.9666666666666667 0.8901041666666667 0.06574074074074074 0.034375
