1 0.90625 0.10300925925925926 0.05078125 0.11342592592592593
1 0.5970052083333334 0.2824074074074074 0.06575520833333333 0.13194444444444445
1 0.6477864583333334 0.05324074074074074 0.054036458333333336 0.10648148148148148
1 0.783203125 0.33564814814814814 0.048177083333333336 0.08217592592592593
1 0.71484375 0.6712962962962963 0.064453125 0.1076388888888889
1 0.6243489583333334 0.7974537037037037 0.08268229166666667 0.0798611111111111
1 0.3359375 0.20601851851851852 0.08919270833333333 0.08680555555555555
1 0.921875 0.7708333333333334 0.107421875 0.09490740740740741
1 0.9342447916666666 0.5497685185185185 0.057942708333333336 0.08101851851851852
1 0.4752604166666667 0.8935185185185185 0.048177083333333336 0.16550925925925927
1 0.341796875 0.5648148148148148 0.09049479166666667 0.09953703703703703
1 0.4049479166666667 0.04398148148148148 0.055989583333333336 0.08796296296296297
1 0.5703125 0.02546296296296296 0.0859375 0.05092592592592592
1 0.2864583333333333 0.8900462962962963 0.09700520833333333 0.06481481481481481
