0 0.34375 0.5439814814814815 0.048828125 0.07291666666666667
0 0.23177083333333334 0.7384259259259259 0.042317708333333336 0.0787037037037037
0 0.37890625 0.7002314814814815 0.046875 0.08101851851851852
0 0.259765625 0.8530092592592593 0.047526041666666664 0.0798611111111111
0 0.2779947916666667 0.4398148148148148 0.051432291666666664 0.08564814814814815
0 0.4563802083333333 0.5717592592592593 0.038411458333333336 0.08217592592592593
0 0.5201822916666666 0.9201388888888888 0.054036458333333336 0.08101851851851852
0 0.5872395833333334 0.4039351851851852 0.029947916666666668 0.04861111111111111
0 0.2669270833333333 0.6932870370370371 0.043619791666666664 0.06828703703703703
0 0.4322916666666667 0.9942129629629629 0.029947916666666668 0.010416666666666666
0 0.5963541666666666 0.6342592592592593 0.02734375 0.04282407407407408
