0 0.5648148148148148 0.275 0.058333333333333334 0.0390625
0 0.4101851851851852 0.18541666666666667 0.06296296296296296 0.033854166666666664
0 0.44074074074074077 0.303125 0.06481481481481481 0.0375
0 0.3175925925925926 0.2078125 0.06388888888888888 0.03802083333333333
0 0.13333333333333333 0.20989583333333334 0.04259259259259259 0.03333333333333333
0 0.649074074074074 0.22239583333333332 0.06851851851851852 0.04114583333333333
0 0.5425925925925926 0.3651041666666667 0.06574074074074074 0.030729166666666665
0 0.06388888888888888 0.23854166666666668 0.0787037037037037 0.04114583333333333
0 0.6314814814814815 0.9005208333333333 0.06296296296296296 0.0359375
0 0.26481481481481484 0.4161458333333333 0.06481481481481481 0.043229166666666666
0 0.6777777777777778 0.46979166666666666 0.03888888888888889 0.023958333333333335
0 0.15555555555555556 0.7223958333333333 0.040740740740740744 0.021354166666666667
0 0.44537037037037036 0.21354166666666666 0.05462962962962963 0.034895833333333334
0 0.19074074074074074 0.3458333333333333 0.03611111111111111 0.023958333333333335
0 0.4925925925925926 0.47708333333333336 0.03425925925925926 0.021875
0 0.5083333333333333 0.8182291666666667 0.049074074074074076 0.03229166666666667
