0 0.275 0.4351851851851852 0.03854166666666667 0.05740740740740741
0 0.18541666666666667 0.5898148148148148 0.03333333333333333 0.062037037037037036
0 0.3026041666666667 0.5592592592592592 0.03697916666666667 0.06388888888888888
0 0.2078125 0.6824074074074075 0.0375 0.06296296296296296
0 0.209375 0.8666666666666667 0.0328125 0.041666666666666664
0 0.22239583333333332 0.3509259259259259 0.040625 0.06759259259259259
0 0.3651041666666667 0.45740740740740743 0.030208333333333334 0.06481481481481481
0 0.23854166666666668 0.9361111111111111 0.040625 0.07777777777777778
0 0.9005208333333333 0.3685185185185185 0.035416666666666666 0.062037037037037036
0 0.4161458333333333 0.7351851851851852 0.042708333333333334 0.06388888888888888
0 0.46927083333333336 0.32222222222222224 0.0234375 0.03796296296296296
0 0.7223958333333333 0.8444444444444444 0.020833333333333332 0.03981481481481482
0 0.21354166666666666 0.5546296296296296 0.034375 0.053703703703703705
0 0.3453125 0.8092592592592592 0.0234375 0.03518518518518519
0 0.4765625 0.5074074074074074 0.021354166666666667 0.03333333333333333
0 0.8177083333333334 0.49166666666666664 0.03177083333333333 0.04814814814814815
