0 0.7416666666666667 0.4484375 0.062037037037037036 0.03697916666666667
0 0.7055555555555556 0.5072916666666667 0.07407407407407407 0.0390625
0 0.7407407407407407 0.55625 0.058333333333333334 0.0359375
0 0.41203703703703703 0.48541666666666666 0.07407407407407407 0.04635416666666667
0 0.42592592592592593 0.39739583333333334 0.04814814814814815 0.0328125
0 0.674074074074074 0.42083333333333334 0.06481481481481481 0.04375
0 0.3638888888888889 0.4317708333333333 0.07314814814814814 0.03958333333333333
0 0.22685185185185186 0.3651041666666667 0.06759259259259259 0.040625
0 0.14629629629629629 0.5380208333333333 0.09166666666666666 0.05260416666666667
0 0.6768518518518518 0.5703125 0.062037037037037036 0.0421875
0 0.5092592592592593 0.5984375 0.046296296296296294 0.020833333333333332
0 0.8037037037037037 0.4583333333333333 0.02962962962962963 0.020833333333333332
