0 0.560546875 0.3229166666666667 0.046223958333333336 0.0775462962962963
0 0.6341145833333334 0.36921296296296297 0.048828125 0.09259259259259259
0 0.6953125 0.32407407407407407 0.044921875 0.07291666666666667
0 0.6067708333333334 0.7361111111111112 0.057942708333333336 0.09259259259259259
0 0.4967447916666667 0.71875 0.041015625 0.06018518518518518
0 0.5260416666666666 0.4085648148148148 0.0546875 0.08101851851851852
0 0.5397135416666666 0.7951388888888888 0.049479166666666664 0.09143518518518519
0 0.4563802083333333 0.9618055555555556 0.05078125 0.07523148148148148
0 0.712890625 0.4039351851851852 0.052734375 0.0775462962962963
0 0.748046875 0.6145833333333334 0.026041666666666668 0.05787037037037037
0 0.5729166666666666 0.2465277777777778 0.026041666666666668 0.037037037037037035
