0 0.4484375 0.25833333333333336 0.036458333333333336 0.06111111111111111
0 0.5072916666666667 0.29444444444444445 0.03854166666666667 0.07314814814814814
0 0.55625 0.25925925925925924 0.035416666666666666 0.05740740740740741
0 0.48541666666666666 0.5879629629629629 0.04583333333333333 0.07314814814814814
0 0.39739583333333334 0.5740740740740741 0.03229166666666667 0.04722222222222222
0 0.4203125 0.32592592592592595 0.043229166666666666 0.06388888888888888
0 0.43125 0.6361111111111111 0.0390625 0.07222222222222222
0 0.3645833333333333 0.7731481481481481 0.04010416666666667 0.06666666666666667
0 0.5380208333333333 0.8537037037037037 0.052083333333333336 0.09074074074074075
0 0.5703125 0.32314814814814813 0.041666666666666664 0.06111111111111111
0 0.5979166666666667 0.49074074074074076 0.0203125 0.04537037037037037
0 0.4578125 0.1962962962962963 0.0203125 0.028703703703703703
