0 0.6171875 0.30277777777777776 0.024479166666666666 0.04537037037037037
0 0.3619791666666667 0.19166666666666668 0.025 0.06574074074074074
0 0.8260416666666667 0.2935185185185185 0.03697916666666667 0.07407407407407407
0 0.459375 0.9305555555555556 0.03802083333333333 0.075
0 0.4239583333333333 0.9574074074074074 0.034375 0.06018518518518518
0 0.43333333333333335 0.275 0.030729166666666665 0.06944444444444445
0 0.39427083333333335 0.19537037037037036 0.028125 0.06851851851851852
0 0.36354166666666665 0.9296296296296296 0.036458333333333336 0.05277777777777778
0 0.8067708333333333 0.9796296296296296 0.043229166666666666 0.03888888888888889
0 0.1046875 0.20185185185185187 0.0234375 0.04351851851851852
0 0.5541666666666667 0.24722222222222223 0.03125 0.06018518518518518
