0 0.6972222222222222 0.6177083333333333 0.046296296296296294 0.025
0 0.8083333333333333 0.3619791666666667 0.06666666666666667 0.025520833333333333
0 0.7064814814814815 0.8265625 0.075 0.0375
0 0.06944444444444445 0.45989583333333334 0.07592592592592592 0.03854166666666667
0 0.04259259259259259 0.4239583333333333 0.06111111111111111 0.034895833333333334
0 0.725 0.43385416666666665 0.07037037037037037 0.03125
0 0.8046296296296296 0.39427083333333335 0.06944444444444445 0.028645833333333332
0 0.07037037037037037 0.36354166666666665 0.053703703703703705 0.03697916666666667
0 0.020370370370370372 0.8072916666666666 0.03981481481481482 0.04375
0 0.7981481481481482 0.10520833333333333 0.044444444444444446 0.023958333333333335
0 0.7527777777777778 0.5541666666666667 0.06111111111111111 0.03177083333333333
