0 0.13055555555555556 0.215625 0.10833333333333334 0.052083333333333336
0 0.09537037037037037 0.5713541666666667 0.08703703703703704 0.05677083333333333
0 0.8231481481481482 0.175 0.08611111111111111 0.04010416666666667
0 0.8148148148148148 0.4427083333333333 0.0712962962962963 0.03854166666666667
0 0.7759259259259259 0.38958333333333334 0.08333333333333333 0.04739583333333333
0 0.875 0.3885416666666667 0.06759259259259259 0.03854166666666667
0 0.10462962962962963 0.1671875 0.09351851851851851 0.04479166666666667
0 0.799074074074074 0.578125 0.09537037037037037 0.0453125
0 0.14444444444444443 0.10677083333333333 0.08055555555555556 0.044270833333333336
0 0.8629629629629629 0.32447916666666665 0.09166666666666666 0.044270833333333336
0 0.8898148148148148 0.24322916666666666 0.05648148148148148 0.03177083333333333
0 0.1685185185185185 0.5036458333333333 0.062037037037037036 0.03697916666666667
0 0.8972222222222223 0.11979166666666667 0.11018518518518519 0.03958333333333333
0 0.9101851851851852 0.15572916666666667 0.08425925925925926 0.059375
