0 0.21510416666666668 0.8694444444444445 0.0515625 0.10740740740740741
0 0.5713541666666667 0.9046296296296297 0.05625 0.08611111111111111
0 0.175 0.17685185185185184 0.03958333333333333 0.08518518518518518
0 0.4421875 0.18518518518518517 0.03802083333333333 0.07037037037037037
0 0.38958333333333334 0.22407407407407406 0.046875 0.0824074074074074
0 0.3880208333333333 0.125 0.03802083333333333 0.06666666666666667
0 0.16666666666666666 0.8953703703703704 0.044270833333333336 0.09259259259259259
0 0.578125 0.20092592592592592 0.04479166666666667 0.09444444444444444
0 0.10677083333333333 0.8555555555555555 0.04375 0.07962962962962963
0 0.32447916666666665 0.13703703703703704 0.04375 0.09074074074074075
0 0.24322916666666666 0.11018518518518519 0.03125 0.05555555555555555
0 0.5036458333333333 0.8314814814814815 0.036458333333333336 0.06111111111111111
0 0.11927083333333334 0.10277777777777777 0.0390625 0.10925925925925926
0 0.15520833333333334 0.08981481481481482 0.058854166666666666 0.08333333333333333
