0 0.7638888888888888 0.6489583333333333 0.09074074074074075 0.050520833333333334
0 0.9074074074074074 0.5520833333333334 0.0824074074074074 0.04583333333333333
0 0.7351851851851852 0.5859375 0.1259259259259259 0.06302083333333333
0 0.7027777777777777 0.8796875 0.08425925925925926 0.04375
0 0.8490740740740741 0.5083333333333333 0.09166666666666666 0.0546875
0 0.7444444444444445 0.478125 0.09907407407407408 0.04739583333333333
0 0.8444444444444444 0.5791666666666667 0.07222222222222222 0.03958333333333333
0 0.8148148148148148 0.7807291666666667 0.09722222222222222 0.05
0 0.8675925925925926 0.759375 0.06574074074074074 0.04010416666666667
0 0.8037037037037037 0.7260416666666667 0.08796296296296297 0.049479166666666664
