0 0.6489583333333333 0.2361111111111111 0.05 0.08981481481481482
0 0.5515625 0.09259259259259259 0.0453125 0.08148148148148149
0 0.5859375 0.26481481481481484 0.0625 0.125
0 0.8791666666666667 0.2972222222222222 0.043229166666666666 0.08333333333333333
0 0.5083333333333333 0.15092592592592594 0.05416666666666667 0.09074074074074075
0 0.478125 0.25555555555555554 0.046875 0.09814814814814815
0 0.5786458333333333 0.15555555555555556 0.0390625 0.0712962962962963
0 0.7802083333333333 0.18518518518518517 0.049479166666666664 0.0962962962962963
0 0.759375 0.13240740740740742 0.03958333333333333 0.06481481481481481
0 0.7260416666666667 0.1962962962962963 0.04895833333333333 0.08703703703703704
