0 0.20572916666666666 0.05648148148148148 0.0546875 0.11388888888888889
1 0.8994791666666667 0.5953703703703703 0.03958333333333333 0.0962962962962963
1 0.8947916666666667 0.7388888888888889 0.044270833333333336 0.03981481481481482
1 0.9625 0.9592592592592593 0.04583333333333333 0.07037037037037037
0 0.18385416666666668 0.2564814814814815 0.09947916666666666 0.14351851851851852
1 0.9635416666666666 0.649074074074074 0.051041666666666666 0.040740740740740744
1 0.18020833333333333 0.9305555555555556 0.08125 0.06018518518518518
0 0.41302083333333334 0.2351851851851852 0.05520833333333333 0.09259259259259259
0 0.26614583333333336 0.41388888888888886 0.0421875 0.08611111111111111
1 0.940625 0.19074074074074074 0.0703125 0.08981481481481482
1 0.3546875 0.46944444444444444 0.06145833333333333 0.053703703703703705
1 0.32708333333333334 0.7472222222222222 0.05677083333333333 0.0962962962962963
1 0.50625 0.4675925925925926 0.042708333333333334 0.09444444444444444
1 0.9026041666666667 0.9055555555555556 0.015625 0.09351851851851851
1 0.9223958333333333 0.4388888888888889 0.042708333333333334 0.05
0 0.3848958333333333 0.9712962962962963 0.049479166666666664 0.05185185185185185
1 0.20989583333333334 0.6259259259259259 0.033854166666666664 0.1037037037037037
0 0.4421875 0.8657407407407407 0.04895833333333333 0.13148148148148148
1 0.9666666666666667 0.4361111111111111 0.034895833333333334 0.07222222222222222
