0 0.9425925925925925 0.20625 0.11388888888888889 0.05520833333333333
1 0.4046296296296296 0.8994791666666667 0.09722222222222222 0.04010416666666667
1 0.2611111111111111 0.8953125 0.040740740740740744 0.04479166666666667
1 0.040740740740740744 0.9625 0.0712962962962963 0.04635416666666667
0 0.7435185185185185 0.184375 0.14444444444444443 0.1
1 0.3509259259259259 0.9635416666666666 0.041666666666666664 0.0515625
1 0.06944444444444445 0.18020833333333333 0.06111111111111111 0.08177083333333333
0 0.7648148148148148 0.41302083333333334 0.09351851851851851 0.05572916666666667
0 0.5861111111111111 0.26666666666666666 0.08703703703703704 0.042708333333333334
1 0.8092592592592592 0.9411458333333333 0.09074074074074075 0.07083333333333333
1 0.5305555555555556 0.3546875 0.05462962962962963 0.06197916666666667
1 0.25277777777777777 0.32760416666666664 0.09722222222222222 0.057291666666666664
1 0.5324074074074074 0.50625 0.09537037037037037 0.043229166666666666
1 0.09444444444444444 0.9026041666666667 0.09444444444444444 0.016145833333333335
1 0.5611111111111111 0.9223958333333333 0.05092592592592592 0.043229166666666666
0 0.028703703703703703 0.3854166666666667 0.05277777777777778 0.05
1 0.37407407407407406 0.21041666666666667 0.10462962962962963 0.034375
0 0.13425925925925927 0.4421875 0.13240740740740742 0.049479166666666664
1 0.5638888888888889 0.9671875 0.07314814814814814 0.035416666666666666
