0 0.7444444444444445 0.41510416666666666 0.13518518518518519 0.09270833333333334
1 0.25925925925925924 0.4244791666666667 0.1425925925925926 0.0484375
1 0.2388888888888889 0.2989583333333333 0.12685185185185185 0.0421875
1 0.7759259259259259 0.0921875 0.07685185185185185 0.059375
0 0.9398148148148148 0.16041666666666668 0.09166666666666666 0.058854166666666666
1 0.8203703703703704 0.246875 0.15833333333333333 0.03177083333333333
1 0.4425925925925926 0.23645833333333333 0.10648148148148148 0.03958333333333333
0 0.9398148148148148 0.2859375 0.12037037037037036 0.07291666666666667
1 0.43148148148148147 0.1234375 0.10740740740740741 0.06041666666666667
1 0.3990740740740741 0.4583333333333333 0.06759259259259259 0.08697916666666666
1 0.5583333333333333 0.027083333333333334 0.09814814814814815 0.05260416666666667
1 0.8398148148148148 0.0140625 0.09814814814814815 0.027083333333333334
1 0.2064814814814815 0.052083333333333336 0.0787037037037037 0.046875
1 0.026851851851851852 0.17916666666666667 0.05 0.04791666666666667
