0 0.5188802083333334 0.32060185185185186 0.11588541666666667 0.16898148148148148
1 0.5305989583333334 0.9189814814814815 0.060546875 0.16203703703703703
1 0.3736979166666667 0.9363425925925926 0.052734375 0.12731481481481483
1 0.115234375 0.2800925925925926 0.07421875 0.09606481481481481
0 0.20052083333333334 0.07523148148148148 0.07356770833333333 0.11458333333333333
1 0.30859375 0.22453703703703703 0.039713541666666664 0.19791666666666666
1 0.2955729166666667 0.6967592592592593 0.049479166666666664 0.13310185185185186
0 0.357421875 0.0763888888888889 0.09114583333333333 0.15046296296296297
1 0.154296875 0.7118055555555556 0.07552083333333333 0.13425925925925927
1 0.5729166666666666 0.7511574074074074 0.10872395833333333 0.08449074074074074
1 0.033854166666666664 0.5532407407407407 0.06575520833333333 0.12268518518518519
1 0.017578125 0.2013888888888889 0.033854166666666664 0.12268518518518519
1 0.06510416666666667 0.9710648148148148 0.05859375 0.056712962962962965
