0 0.41458333333333336 0.25555555555555554 0.0921875 0.13425925925925927
1 0.4244791666666667 0.7407407407407407 0.04791666666666667 0.14166666666666666
1 0.2989583333333333 0.7611111111111111 0.041666666666666664 0.1259259259259259
1 0.09166666666666666 0.22407407407407406 0.058854166666666666 0.07592592592592592
0 0.16041666666666668 0.06018518518518518 0.058333333333333334 0.09074074074074075
1 0.246875 0.17962962962962964 0.03125 0.1574074074074074
1 0.2359375 0.5574074074074075 0.0390625 0.10555555555555556
0 0.28541666666666665 0.06018518518518518 0.07239583333333334 0.11944444444444445
1 0.12291666666666666 0.5685185185185185 0.059895833333333336 0.10648148148148148
1 0.4583333333333333 0.600925925925926 0.08645833333333333 0.06666666666666667
1 0.027083333333333334 0.44166666666666665 0.052083333333333336 0.09722222222222222
1 0.013541666666666667 0.16018518518518518 0.0265625 0.09722222222222222
1 0.0515625 0.7935185185185185 0.04635416666666667 0.07777777777777778
1 0.17864583333333334 0.9731481481481481 0.04739583333333333 0.049074074074074076
