0 0.2777777777777778 0.13958333333333334 0.12685185185185185 0.09583333333333334
0 0.08888888888888889 0.39375 0.09722222222222222 0.057291666666666664
0 0.07314814814814814 0.2682291666666667 0.14537037037037037 0.07447916666666667
1 0.25462962962962965 0.5703125 0.11851851851851852 0.090625
1 0.5935185185185186 0.31197916666666664 0.11018518518518519 0.034375
1 0.525 0.5208333333333334 0.1 0.051041666666666666
1 0.29074074074074074 0.4609375 0.06481481481481481 0.05677083333333333
1 0.9546296296296296 0.5463541666666667 0.075 0.06510416666666667
1 0.2351851851851852 0.3098958333333333 0.16574074074074074 0.033854166666666664
1 0.6175925925925926 0.41822916666666665 0.11018518518518519 0.058854166666666666
1 0.5694444444444444 0.5770833333333333 0.06944444444444445 0.04479166666666667
0 0.017592592592592594 0.6104166666666667 0.03425925925925926 0.07395833333333333
1 0.7944444444444444 0.13697916666666668 0.1638888888888889 0.049479166666666664
1 0.812037037037037 0.2515625 0.11296296296296296 0.036458333333333336
1 0.6638888888888889 0.09895833333333333 0.05277777777777778 0.09322916666666667
1 0.8333333333333334 0.4875 0.07222222222222222 0.0484375
