0 0.17447916666666666 0.9027777777777778 0.11979166666666667 0.15856481481481483
1 0.712890625 0.9293981481481481 0.11328125 0.1412037037037037
1 0.3899739583333333 0.5081018518518519 0.04296875 0.13773148148148148
1 0.6510416666666666 0.5949074074074074 0.06380208333333333 0.125
1 0.576171875 0.8877314814814815 0.07096354166666667 0.08101851851851852
1 0.6829427083333334 0.056712962962962965 0.08138020833333333 0.09375
1 0.3873697916666667 0.9259259259259259 0.042317708333333336 0.14699074074074073
1 0.5227864583333334 0.47800925925925924 0.07356770833333333 0.13773148148148148
1 0.7213541666666666 0.5381944444444444 0.055989583333333336 0.08680555555555555
1 0.17122395833333334 0.2569444444444444 0.061848958333333336 0.2048611111111111
1 0.314453125 0.2361111111111111 0.045572916666666664 0.1412037037037037
1 0.12369791666666667 0.4201388888888889 0.11653645833333333 0.06597222222222222
1 0.609375 0.20949074074074073 0.060546875 0.09027777777777778
