0 0.1390625 0.7222222222222222 0.0953125 0.1259259259259259
0 0.3932291666666667 0.9111111111111111 0.05677083333333333 0.0962962962962963
0 0.2682291666666667 0.9268518518518518 0.07395833333333333 0.14444444444444443
1 0.5697916666666667 0.7453703703703703 0.09010416666666667 0.1175925925925926
1 0.31145833333333334 0.4064814814814815 0.033854166666666664 0.10925925925925926
1 0.5203125 0.475 0.050520833333333334 0.09907407407407408
1 0.4609375 0.7092592592592593 0.05625 0.06388888888888888
1 0.5463541666666667 0.04537037037037037 0.06458333333333334 0.07407407407407407
1 0.3098958333333333 0.7648148148148148 0.03333333333333333 0.1648148148148148
1 0.41822916666666665 0.3824074074074074 0.058333333333333334 0.10925925925925926
1 0.5765625 0.4305555555555556 0.044270833333333336 0.06851851851851852
0 0.6098958333333333 0.9824074074074074 0.0734375 0.03333333333333333
1 0.13697916666666668 0.20555555555555555 0.04895833333333333 0.16296296296296298
1 0.25104166666666666 0.18796296296296297 0.0359375 0.11203703703703703
1 0.09895833333333333 0.33611111111111114 0.09270833333333334 0.05185185185185185
1 0.4875 0.16666666666666666 0.04791666666666667 0.0712962962962963
