0 0.11458333333333333 0.9942129629629629 0.055338541666666664 0.010416666666666666
0 0.7063802083333334 0.96875 0.07096354166666667 0.0625
1 0.57421875 0.47800925925925924 0.0859375 0.07291666666666667
1 0.7369791666666666 0.8483796296296297 0.05859375 0.1388888888888889
1 0.076171875 0.4074074074074074 0.08528645833333333 0.12384259259259259
0 0.59765625 0.8194444444444444 0.080078125 0.10648148148148148
1 0.9700520833333334 0.8206018518518519 0.059244791666666664 0.08101851851851852
0 0.8157552083333334 0.9699074074074074 0.054036458333333336 0.059027777777777776
0 0.130859375 0.8217592592592593 0.08658854166666667 0.13425925925925927
1 0.7408854166666666 0.5474537037037037 0.03515625 0.10416666666666667
0 0.064453125 0.6504629629629629 0.053385416666666664 0.10648148148148148
1 0.9609375 0.5763888888888888 0.078125 0.09375
1 0.9518229166666666 0.23032407407407407 0.055989583333333336 0.06481481481481481
1 0.9537760416666666 0.08101851851851852 0.031901041666666664 0.1099537037037037
1 0.5983072916666666 0.3576388888888889 0.055338541666666664 0.13541666666666666
1 0.896484375 0.3460648148148148 0.048828125 0.08217592592592593
1 0.6536458333333334 0.08912037037037036 0.0546875 0.09837962962962964
1 0.6979166666666666 0.3587962962962963 0.041666666666666664 0.11226851851851852
1 0.865234375 0.8032407407407407 0.076171875 0.06597222222222222
1 0.8404947916666666 0.5324074074074074 0.06315104166666667 0.10416666666666667
1 0.96875 0.4085648148148148 0.061848958333333336 0.08217592592592593
1 0.14518229166666666 0.04976851851851852 0.06640625 0.04282407407407408
1 0.7825520833333334 0.1701388888888889 0.06315104166666667 0.0798611111111111
