0 0.09166666666666666 0.8435185185185186 0.04375 0.1037037037037037
0 0.5651041666666666 0.7981481481481482 0.05625 0.0962962962962963
0 0.47604166666666664 0.8629629629629629 0.052083333333333336 0.08796296296296297
0 0.7109375 0.9592592592592593 0.0515625 0.07685185185185185
0 0.7880208333333333 0.8611111111111112 0.08645833333333333 0.08611111111111111
0 0.64375 0.9611111111111111 0.044270833333333336 0.0712962962962963
1 0.4588541666666667 0.3824074074074074 0.06822916666666666 0.05740740740740741
1 0.5890625 0.6777777777777778 0.04635416666666667 0.11018518518518519
1 0.0609375 0.32592592592592595 0.06770833333333333 0.09814814814814815
0 0.478125 0.6546296296296297 0.06354166666666666 0.08425925925925926
1 0.7807291666666667 0.6555555555555556 0.05677083333333333 0.06388888888888888
0 0.6526041666666667 0.7907407407407407 0.042708333333333334 0.07685185185185185
0 0.1046875 0.6564814814814814 0.06875 0.10648148148148148
1 0.5921875 0.43703703703703706 0.027604166666666666 0.0824074074074074
0 0.051041666666666666 0.5194444444444445 0.0421875 0.08425925925925926
1 0.7697916666666667 0.46111111111111114 0.06458333333333334 0.07407407407407407
1 0.7609375 0.18333333333333332 0.044270833333333336 0.05092592592592592
1 0.7630208333333334 0.06481481481481481 0.025 0.08703703703703704
1 0.4786458333333333 0.2861111111111111 0.04375 0.10740740740740741
1 0.7171875 0.27685185185185185 0.03854166666666667 0.06481481481481481
1 0.5223958333333333 0.0712962962962963 0.043229166666666666 0.07777777777777778
1 0.5578125 0.28703703703703703 0.0328125 0.08888888888888889
1 0.6921875 0.6425925925925926 0.06041666666666667 0.05185185185185185
1 0.6723958333333333 0.425 0.05 0.0824074074074074
1 0.7885416666666667 0.32685185185185184 0.07604166666666666 0.06481481481481481
1 0.115625 0.03981481481481482 0.05260416666666667 0.03333333333333333
1 0.6260416666666667 0.1361111111111111 0.05 0.06296296296296296
