0 0.15648148148148147 0.09166666666666666 0.10462962962962963 0.044270833333333336
0 0.20185185185185187 0.5651041666666666 0.09722222222222222 0.05677083333333333
0 0.13703703703703704 0.47604166666666664 0.08888888888888889 0.05260416666666667
0 0.040740740740740744 0.7114583333333333 0.07777777777777778 0.052083333333333336
0 0.1388888888888889 0.7880208333333333 0.08703703703703704 0.08697916666666666
0 0.03888888888888889 0.6442708333333333 0.07222222222222222 0.04479166666666667
1 0.6175925925925926 0.459375 0.058333333333333334 0.06875
1 0.32222222222222224 0.5895833333333333 0.1111111111111111 0.046875
1 0.674074074074074 0.0609375 0.09907407407407408 0.06822916666666666
0 0.3453703703703704 0.478125 0.08518518518518518 0.0640625
1 0.34444444444444444 0.78125 0.06481481481481481 0.057291666666666664
0 0.20925925925925926 0.6526041666666667 0.07777777777777778 0.043229166666666666
0 0.3435185185185185 0.1046875 0.10740740740740741 0.06927083333333334
1 0.562962962962963 0.5927083333333333 0.08333333333333333 0.028125
0 0.48055555555555557 0.0515625 0.08518518518518518 0.042708333333333334
1 0.5388888888888889 0.7697916666666667 0.075 0.06510416666666667
1 0.8166666666666667 0.7614583333333333 0.05185185185185185 0.04479166666666667
1 0.9351851851851852 0.7630208333333334 0.08796296296296297 0.025520833333333333
1 0.7138888888888889 0.4786458333333333 0.10833333333333334 0.044270833333333336
1 0.7231481481481481 0.7171875 0.06574074074074074 0.0390625
1 0.9287037037037037 0.5229166666666667 0.0787037037037037 0.04375
1 0.7129629629629629 0.5583333333333333 0.08981481481481482 0.03333333333333333
1 0.3574074074074074 0.6921875 0.05277777777777778 0.0609375
1 0.575 0.6723958333333333 0.08333333333333333 0.050520833333333334
1 0.6731481481481482 0.7885416666666667 0.06574074074074074 0.0765625
1 0.9601851851851851 0.11614583333333334 0.03425925925925926 0.053125
1 0.8638888888888889 0.6260416666666667 0.06388888888888888 0.050520833333333334
