0 0.024739583333333332 0.16898148148148148 0.048177083333333336 0.13773148148148148
0 0.9342447916666666 0.34953703703703703 0.07552083333333333 0.12152777777777778
0 0.12955729166666666 0.3576388888888889 0.09114583333333333 0.13541666666666666
1 0.15494791666666666 0.6967592592592593 0.09440104166666667 0.08564814814814815
0 0.66015625 0.06597222222222222 0.061197916666666664 0.13310185185185186
0 0.13541666666666666 0.06828703703703703 0.07421875 0.12037037037037036
1 0.11783854166666667 0.8298611111111112 0.055338541666666664 0.12731481481481483
0 0.64453125 0.3275462962962963 0.095703125 0.16898148148148148
0 0.7122395833333334 0.5196759259259259 0.051432291666666664 0.11226851851851852
0 0.9739583333333334 0.9942129629629629 0.051432291666666664 0.010416666666666666
1 0.8541666666666666 0.6064814814814815 0.06901041666666667 0.08101851851851852
1 0.8509114583333334 0.8460648148148148 0.064453125 0.11689814814814815
1 0.014322916666666666 0.8472222222222222 0.029296875 0.12962962962962962
1 0.7063802083333334 0.7349537037037037 0.08854166666666667 0.13541666666666666
