0 0.019270833333333334 0.13518518518518519 0.03802083333333333 0.10925925925925926
0 0.746875 0.2796296296296296 0.059895833333333336 0.0962962962962963
0 0.103125 0.2861111111111111 0.07239583333333334 0.10740740740740741
1 0.12395833333333334 0.5564814814814815 0.075 0.06759259259259259
0 0.5276041666666667 0.05277777777777778 0.0484375 0.10555555555555556
0 0.1078125 0.053703703703703705 0.058854166666666666 0.09537037037037037
1 0.09427083333333333 0.662962962962963 0.04375 0.10092592592592593
0 0.515625 0.2611111111111111 0.07604166666666666 0.13425925925925927
0 0.5697916666666667 0.41574074074074074 0.040625 0.08888888888888889
1 0.043229166666666666 0.9305555555555556 0.0515625 0.07777777777777778
0 0.7838541666666666 0.8444444444444444 0.050520833333333334 0.10555555555555556
1 0.6828125 0.4842592592592593 0.0546875 0.06388888888888888
1 0.6807291666666667 0.6768518518518518 0.051041666666666666 0.09259259259259259
0 0.7776041666666667 0.9731481481481481 0.03697916666666667 0.05
1 0.8604166666666667 0.4740740740740741 0.08020833333333334 0.06388888888888888
1 0.011458333333333333 0.6768518518518518 0.022916666666666665 0.10277777777777777
1 0.5036458333333333 0.9101851851851852 0.05520833333333333 0.05648148148148148
1 0.5645833333333333 0.5879629629629629 0.0703125 0.10740740740740741
0 0.9484375 0.04722222222222222 0.07291666666666667 0.09444444444444444
