0 0.8648148148148148 0.019791666666666666 0.11018518518518519 0.03854166666666667
0 0.7203703703703703 0.7473958333333334 0.09722222222222222 0.06041666666666667
0 0.7138888888888889 0.10364583333333334 0.10833333333333334 0.07291666666666667
1 0.44351851851851853 0.12395833333333334 0.06851851851851852 0.07552083333333333
0 0.9472222222222222 0.528125 0.10555555555555556 0.04895833333333333
0 0.9462962962962963 0.10833333333333334 0.0962962962962963 0.059375
1 0.337037037037037 0.09427083333333333 0.10185185185185185 0.044270833333333336
0 0.7388888888888889 0.515625 0.13518518518518519 0.0765625
0 0.5842592592592593 0.5697916666666667 0.08981481481481482 0.04114583333333333
1 0.06944444444444445 0.04375 0.0787037037037037 0.052083333333333336
0 0.15555555555555556 0.784375 0.10648148148148148 0.051041666666666666
1 0.5157407407407407 0.6833333333333333 0.06481481481481481 0.05520833333333333
1 0.32314814814814813 0.6807291666666667 0.09351851851851851 0.0515625
0 0.026851851851851852 0.778125 0.05092592592592592 0.0375
1 0.5259259259259259 0.8604166666666667 0.06481481481481481 0.08072916666666667
1 0.32314814814814813 0.011458333333333333 0.1037037037037037 0.0234375
1 0.08981481481481482 0.5036458333333333 0.05740740740740741 0.05572916666666667
1 0.41203703703703703 0.5651041666666666 0.10833333333333334 0.07083333333333333
0 0.9527777777777777 0.9484375 0.09444444444444444 0.0734375
