0 0.36944444444444446 0.7328125 0.12314814814814815 0.06354166666666666
0 0.7388888888888889 0.8057291666666667 0.1111111111111111 0.06770833333333333
0 0.8074074074074075 0.9520833333333333 0.13703703703703704 0.0859375
0 0.8814814814814815 0.8005208333333333 0.1259259259259259 0.07760416666666667
0 0.4638888888888889 0.8760416666666667 0.14074074074074075 0.071875
1 0.4648148148148148 0.15416666666666667 0.08888888888888889 0.0484375
1 0.3861111111111111 0.32135416666666666 0.075 0.08125
1 0.649074074074074 0.42916666666666664 0.05925925925925926 0.046875
1 0.9203703703703704 0.3072916666666667 0.09259259259259259 0.043229166666666666
0 0.37777777777777777 0.58125 0.14074074074074075 0.06614583333333333
0 0.5916666666666667 0.6734375 0.11296296296296296 0.06666666666666667
1 0.5648148148148148 0.32916666666666666 0.06111111111111111 0.04635416666666667
1 0.33425925925925926 0.41302083333333334 0.1175925925925926 0.03333333333333333
1 0.36574074074074076 0.08645833333333333 0.06759259259259259 0.06979166666666667
1 0.8629629629629629 0.590625 0.09722222222222222 0.0390625
0 0.7703703703703704 0.6786458333333333 0.09444444444444444 0.04739583333333333
1 0.7712962962962963 0.059375 0.10185185185185185 0.052083333333333336
1 0.8166666666666667 0.4166666666666667 0.08425925925925926 0.042708333333333334
1 0.7314814814814815 0.20885416666666667 0.06944444444444445 0.03697916666666667
0 0.950925925925926 0.978125 0.08333333333333333 0.04375
1 0.6435185185185185 0.6166666666666667 0.06018518518518518 0.06875
1 0.9583333333333334 0.09947916666666666 0.0787037037037037 0.046875
1 0.24722222222222223 0.9828125 0.10833333333333334 0.033854166666666664
1 0.9675925925925926 0.4703125 0.06388888888888888 0.04895833333333333
