0 0.7322916666666667 0.6305555555555555 0.06302083333333333 0.12222222222222222
0 0.8052083333333333 0.2611111111111111 0.0671875 0.11018518518518519
0 0.9520833333333333 0.1925925925925926 0.08541666666666667 0.1361111111111111
0 0.8005208333333333 0.11851851851851852 0.07708333333333334 0.125
0 0.8755208333333333 0.5361111111111111 0.07135416666666666 0.1398148148148148
1 0.15416666666666667 0.5351851851851852 0.04791666666666667 0.08796296296296297
1 0.32083333333333336 0.6138888888888889 0.08072916666666667 0.07407407407407407
1 0.42864583333333334 0.3509259259259259 0.04635416666666667 0.058333333333333334
1 0.3072916666666667 0.07962962962962963 0.042708333333333334 0.09166666666666666
0 0.58125 0.6222222222222222 0.065625 0.1398148148148148
0 0.6729166666666667 0.4083333333333333 0.06614583333333333 0.11203703703703703
1 0.32916666666666666 0.4351851851851852 0.04583333333333333 0.06018518518518518
1 0.4125 0.6657407407407407 0.0328125 0.11666666666666667
1 0.0859375 0.6342592592592593 0.06927083333333334 0.06666666666666667
1 0.590625 0.13703703703703704 0.03854166666666667 0.0962962962962963
0 0.6786458333333333 0.22962962962962963 0.046875 0.09351851851851851
1 0.058854166666666666 0.22870370370370371 0.0515625 0.10092592592592593
1 0.4161458333333333 0.18333333333333332 0.0421875 0.08333333333333333
1 0.20885416666666667 0.26851851851851855 0.036458333333333336 0.06851851851851852
0 0.9776041666666667 0.049074074074074076 0.043229166666666666 0.0824074074074074
1 0.6161458333333333 0.35648148148148145 0.06822916666666666 0.05925925925925926
1 0.09895833333333333 0.041666666666666664 0.04635416666666667 0.07777777777777778
1 0.9828125 0.7527777777777778 0.03333333333333333 0.10740740740740741
1 0.46979166666666666 0.03148148148148148 0.0484375 0.06388888888888888
