0 0.916015625 0.7881944444444444 0.07942708333333333 0.15393518518518517
0 0.982421875 0.3275462962962963 0.03515625 0.1388888888888889
0 0.9759114583333334 0.14930555555555555 0.047526041666666664 0.1574074074074074
1 0.19270833333333334 0.6701388888888888 0.060546875 0.1111111111111111
1 0.4016927083333333 0.7673611111111112 0.1015625 0.09375
1 0.5364583333333334 0.4398148148148148 0.05859375 0.07407407407407407
1 0.3841145833333333 0.10069444444444445 0.054036458333333336 0.11574074074074074
0 0.7265625 0.7789351851851852 0.08268229166666667 0.17592592592592593
0 0.841796875 0.5115740740740741 0.08333333333333333 0.1412037037037037
1 0.4114583333333333 0.5451388888888888 0.057942708333333336 0.0763888888888889
1 0.5162760416666666 0.8321759259259259 0.041666666666666664 0.14699074074074073
1 0.10807291666666667 0.7928240740740741 0.08723958333333333 0.08449074074074074
1 0.73828125 0.1712962962962963 0.048828125 0.12152777777777778
0 0.8483072916666666 0.2881944444444444 0.059244791666666664 0.11805555555555555
1 0.07421875 0.28703703703703703 0.06510416666666667 0.12731481481481483
1 0.5208333333333334 0.22916666666666666 0.053385416666666664 0.10532407407407407
1 0.2610677083333333 0.33564814814814814 0.046223958333333336 0.08680555555555555
1 0.7708333333333334 0.44560185185185186 0.0859375 0.07523148148148148
1 0.12434895833333333 0.052083333333333336 0.05859375 0.09837962962962964
1 0.587890625 0.04050925925925926 0.061197916666666664 0.08101851851851852
