0 0.6515625 0.1259259259259259 0.0515625 0.09444444444444444
0 0.8604166666666667 0.04814814814814815 0.06458333333333334 0.09722222222222222
0 0.8536458333333333 0.2953703703703704 0.0703125 0.1111111111111111
1 0.48489583333333336 0.5935185185185186 0.03958333333333333 0.09722222222222222
1 0.625 0.49444444444444446 0.04114583333333333 0.0712962962962963
1 0.525 0.18796296296296297 0.071875 0.08425925925925926
1 0.4786458333333333 0.7407407407407407 0.04479166666666667 0.040740740740740744
1 0.5453125 0.9583333333333334 0.04635416666666667 0.0712962962962963
1 0.78125 0.9027777777777778 0.04114583333333333 0.1
0 0.7395833333333334 0.125 0.06041666666666667 0.11203703703703703
1 0.615625 0.23425925925925925 0.04114583333333333 0.06851851851851852
1 0.7385416666666667 0.6620370370370371 0.03802083333333333 0.08796296296296297
1 0.5052083333333334 0.44074074074074077 0.042708333333333334 0.05277777777777778
1 0.8546875 0.5305555555555556 0.08385416666666666 0.06759259259259259
1 0.6666666666666666 0.8435185185185186 0.028645833333333332 0.07592592592592592
0 0.011458333333333333 0.24259259259259258 0.0234375 0.08518518518518518
1 0.4864583333333333 0.9083333333333333 0.01875 0.09074074074074075
1 0.08854166666666667 0.4648148148148148 0.03802083333333333 0.09166666666666666
0 0.025 0.8638888888888889 0.050520833333333334 0.11944444444444445
1 0.6854166666666667 0.47129629629629627 0.022395833333333334 0.08055555555555556
1 0.5473958333333333 0.6453703703703704 0.05364583333333333 0.040740740740740744
1 0.5510416666666667 0.4351851851851852 0.03333333333333333 0.06666666666666667
1 0.8223958333333333 0.6768518518518518 0.03177083333333333 0.12222222222222222
1 0.7234375 0.22037037037037038 0.041666666666666664 0.125
