0 0.8151041666666666 0.1574074074074074 0.06510416666666667 0.11921296296296297
1 0.6061197916666666 0.7430555555555556 0.050130208333333336 0.12268518518518519
1 0.7819010416666666 0.6192129629629629 0.052083333333333336 0.09027777777777778
1 0.65625 0.2361111111111111 0.09049479166666667 0.10648148148148148
1 0.5983072916666666 0.9259259259259259 0.056640625 0.052083333333333336
0 0.9244791666666666 0.1574074074074074 0.076171875 0.1412037037037037
1 0.7701822916666666 0.29282407407407407 0.052083333333333336 0.08680555555555555
1 0.923828125 0.8287037037037037 0.048177083333333336 0.1111111111111111
1 0.6315104166666666 0.5520833333333334 0.054036458333333336 0.06712962962962964
0 0.014973958333333334 0.30324074074074076 0.029947916666666668 0.1076388888888889
1 0.111328125 0.5821759259259259 0.048177083333333336 0.11574074074074074
1 0.857421875 0.5902777777777778 0.028645833333333332 0.10185185185185185
1 0.6848958333333334 0.8067129629629629 0.06770833333333333 0.052083333333333336
1 0.6888020833333334 0.5439814814814815 0.042317708333333336 0.08449074074074074
1 0.904296875 0.27662037037037035 0.052734375 0.1574074074074074
