0 0.8740740740740741 0.6520833333333333 0.09537037037037037 0.052083333333333336
0 0.950925925925926 0.8604166666666667 0.09722222222222222 0.06510416666666667
0 0.7046296296296296 0.8541666666666666 0.11203703703703703 0.07083333333333333
1 0.4064814814814815 0.48489583333333336 0.09814814814814815 0.04010416666666667
1 0.5055555555555555 0.6255208333333333 0.07222222222222222 0.041666666666666664
1 0.812037037037037 0.525 0.08518518518518518 0.07239583333333334
1 0.25925925925925924 0.4786458333333333 0.041666666666666664 0.0453125
1 0.041666666666666664 0.5458333333333333 0.07222222222222222 0.046875
1 0.09722222222222222 0.7817708333333333 0.10092592592592593 0.041666666666666664
0 0.875 0.7395833333333334 0.11296296296296296 0.0609375
1 0.7657407407407407 0.6161458333333333 0.06944444444444445 0.041666666666666664
1 0.33796296296296297 0.7390625 0.08888888888888889 0.03854166666666667
1 0.5592592592592592 0.5052083333333334 0.053703703703703705 0.043229166666666666
1 0.46944444444444444 0.8552083333333333 0.06851851851851852 0.084375
1 0.15648148148148147 0.6671875 0.07685185185185185 0.029166666666666667
0 0.7574074074074074 0.011979166666666667 0.08611111111111111 0.023958333333333335
1 0.09166666666666666 0.4864583333333333 0.09166666666666666 0.019270833333333334
1 0.5351851851851852 0.0890625 0.09259259259259259 0.03854166666666667
0 0.1361111111111111 0.025520833333333333 0.12037037037037036 0.051041666666666666
1 0.5287037037037037 0.6859375 0.08148148148148149 0.022916666666666665
1 0.35462962962962963 0.5479166666666667 0.041666666666666664 0.05416666666666667
1 0.5648148148148148 0.5510416666666667 0.06759259259259259 0.033854166666666664
1 0.32314814814814813 0.8229166666666666 0.12314814814814815 0.03229166666666667
1 0.7796296296296297 0.7234375 0.1259259259259259 0.0421875
