0 0.7182291666666667 0.11388888888888889 0.05416666666666667 0.09814814814814815
0 0.47708333333333336 0.044444444444444446 0.07239583333333334 0.08981481481481482
0 0.18541666666666667 0.14351851851851852 0.06875 0.09907407407407408
1 0.5671875 0.6814814814814815 0.043229166666666666 0.07407407407407407
0 0.7484375 0.5212962962962963 0.06927083333333334 0.11296296296296296
0 0.025 0.3675925925925926 0.049479166666666664 0.09166666666666666
0 0.5822916666666667 0.36666666666666664 0.04583333333333333 0.08611111111111111
1 0.4453125 0.8962962962962963 0.042708333333333334 0.03148148148148148
0 0.7520833333333333 0.2962962962962963 0.0546875 0.08518518518518518
1 0.446875 0.7648148148148148 0.03854166666666667 0.08518518518518518
0 0.5734375 0.22592592592592592 0.0546875 0.10648148148148148
1 0.5052083333333334 0.8351851851851851 0.04583333333333333 0.03981481481481482
1 0.4744791666666667 0.4 0.05625 0.07777777777777778
1 0.7671875 0.7055555555555556 0.065625 0.06388888888888888
1 0.6713541666666667 0.8287037037037037 0.033854166666666664 0.07962962962962963
0 0.6557291666666667 0.37222222222222223 0.05 0.09814814814814815
1 0.5526041666666667 0.45 0.0359375 0.06018518518518518
0 0.5171875 0.2111111111111111 0.05572916666666667 0.10833333333333334
1 0.09427083333333333 0.5648148148148148 0.025 0.08981481481481482
1 0.46197916666666666 0.6296296296296297 0.0359375 0.04259259259259259
1 0.7442708333333333 0.8351851851851851 0.024479166666666666 0.11481481481481481
1 0.6255208333333333 0.662962962962963 0.020833333333333332 0.08333333333333333
0 0.6453125 0.4351851851851852 0.044270833333333336 0.10185185185185185
