0 0.8977864583333334 0.1423611111111111 0.068359375 0.12384259259259259
0 0.5970052083333334 0.056712962962962965 0.09114583333333333 0.11342592592592593
0 0.23177083333333334 0.18055555555555555 0.08658854166666667 0.125
1 0.7096354166666666 0.8518518518518519 0.0546875 0.09375
0 0.9361979166666666 0.6516203703703703 0.08723958333333333 0.1423611111111111
0 0.031901041666666664 0.46064814814814814 0.0625 0.11574074074074074
0 0.7278645833333334 0.45949074074074076 0.057942708333333336 0.1087962962962963
0 0.9407552083333334 0.37037037037037035 0.06901041666666667 0.1076388888888889
1 0.55859375 0.9513888888888888 0.048828125 0.09722222222222222
0 0.7174479166666666 0.2835648148148148 0.06901041666666667 0.13425925925925927
1 0.5930989583333334 0.5 0.07096354166666667 0.09837962962962964
1 0.958984375 0.8831018518518519 0.08203125 0.08101851851851852
1 0.83984375 0.9930555555555556 0.04296875 0.013888888888888888
0 0.8196614583333334 0.4652777777777778 0.06315104166666667 0.12384259259259259
1 0.69140625 0.5636574074074074 0.045572916666666664 0.0763888888888889
0 0.6471354166666666 0.2650462962962963 0.0703125 0.13657407407407407
1 0.11783854166666667 0.7071759259259259 0.031901041666666664 0.11342592592592593
1 0.578125 0.7870370370370371 0.045572916666666664 0.05439814814814815
1 0.9309895833333334 0.9861111111111112 0.03125 0.027777777777777776
1 0.7819010416666666 0.8287037037037037 0.026692708333333332 0.10532407407407407
0 0.8072916666666666 0.5439814814814815 0.055989583333333336 0.1284722222222222
