0 0.8861111111111111 0.7182291666666667 0.09907407407407408 0.0546875
0 0.9546296296296296 0.47760416666666666 0.08981481481481482 0.07291666666666667
0 0.8564814814814815 0.18541666666666667 0.1 0.06927083333333334
1 0.31851851851851853 0.5677083333333334 0.075 0.04375
0 0.4787037037037037 0.7489583333333333 0.11388888888888889 0.06979166666666667
0 0.6324074074074074 0.025520833333333333 0.09259259259259259 0.05
0 0.6333333333333333 0.5822916666666667 0.08703703703703704 0.04635416666666667
1 0.1037037037037037 0.4453125 0.032407407407407406 0.043229166666666666
0 0.7037037037037037 0.7526041666666666 0.08611111111111111 0.05520833333333333
1 0.2351851851851852 0.446875 0.08611111111111111 0.0390625
0 0.774074074074074 0.5739583333333333 0.10740740740740741 0.05520833333333333
1 0.1648148148148148 0.5052083333333334 0.040740740740740744 0.04635416666666667
1 0.6 0.4744791666666667 0.0787037037037037 0.05677083333333333
1 0.29444444444444445 0.7671875 0.06481481481481481 0.06614583333333333
1 0.1712962962962963 0.671875 0.08055555555555556 0.034375
0 0.6277777777777778 0.6557291666666667 0.09907407407407408 0.050520833333333334
1 0.55 0.553125 0.06111111111111111 0.036458333333333336
0 0.7888888888888889 0.5177083333333333 0.10925925925925926 0.05625
1 0.4351851851851852 0.09427083333333333 0.09074074074074075 0.025520833333333333
1 0.37037037037037035 0.4625 0.04351851851851852 0.036458333333333336
1 0.1648148148148148 0.7447916666666666 0.11574074074074074 0.025
1 0.337037037037037 0.6255208333333333 0.08425925925925926 0.021354166666666667
0 0.5648148148148148 0.6458333333333334 0.10277777777777777 0.04479166666666667
