1 0.287962962962963 0.9182291666666667 0.10925925925925926 0.059375
0 0.5962962962962963 0.08385416666666666 0.12314814814814815 0.059895833333333336
0 0.8453703703703703 0.29583333333333334 0.13240740740740742 0.08697916666666666
0 0.7777777777777778 0.028125 0.1675925925925926 0.05677083333333333
1 0.4740740740740741 0.93125 0.07222222222222222 0.05625
1 0.12129629629629629 0.9260416666666667 0.053703703703703705 0.059895833333333336
1 0.8074074074074075 0.953125 0.14907407407407408 0.090625
1 0.649074074074074 0.42916666666666664 0.25555555555555554 0.07760416666666667
1 0.16666666666666666 0.9770833333333333 0.049074074074074076 0.0453125
1 0.23981481481481481 0.14895833333333333 0.2657407407407407 0.10364583333333334
1 0.5777777777777777 0.20260416666666667 0.09259259259259259 0.0796875
1 0.37962962962962965 0.03177083333333333 0.14444444444444443 0.05364583333333333
