1 0.9177083333333333 0.712037037037037 0.058854166666666666 0.10833333333333334
0 0.08385416666666666 0.40370370370370373 0.059375 0.12222222222222222
0 0.29583333333333334 0.15462962962962962 0.08645833333333333 0.13148148148148148
0 0.028125 0.2222222222222222 0.05625 0.16666666666666666
1 0.9307291666666667 0.5259259259259259 0.05572916666666667 0.0712962962962963
1 0.9260416666666667 0.8787037037037037 0.059375 0.05277777777777778
1 0.9526041666666667 0.1925925925925926 0.09010416666666667 0.14814814814814814
1 0.42916666666666664 0.3509259259259259 0.07708333333333334 0.25462962962962965
1 0.9770833333333333 0.8333333333333334 0.04479166666666667 0.04814814814814815
1 0.14895833333333333 0.7601851851851852 0.103125 0.26481481481481484
1 0.20260416666666667 0.4222222222222222 0.07916666666666666 0.09166666666666666
1 0.03177083333333333 0.6203703703703703 0.053125 0.14351851851851852
