1 0.8614583333333333 0.7648148148148148 0.03854166666666667 0.075
0 0.89375 0.05 0.07135416666666666 0.1
0 0.603125 0.14444444444444443 0.06979166666666667 0.10833333333333334
0 0.29322916666666665 0.5388888888888889 0.0375 0.08888888888888889
0 0.9354166666666667 0.2101851851851852 0.059375 0.11018518518518519
0 0.2526041666666667 0.23148148148148148 0.07708333333333334 0.11018518518518519
0 0.22395833333333334 0.4 0.09010416666666667 0.13518518518518519
1 0.96875 0.44907407407407407 0.0359375 0.05462962962962963
1 0.8796875 0.6296296296296297 0.0359375 0.041666666666666664
1 0.378125 0.5601851851851852 0.057291666666666664 0.06111111111111111
0 0.43697916666666664 0.37037037037037035 0.059375 0.09351851851851851
1 0.8921875 0.4009259259259259 0.05260416666666667 0.07962962962962963
1 0.24114583333333334 0.725 0.0296875 0.0824074074074074
1 0.33177083333333335 0.7972222222222223 0.05520833333333333 0.13148148148148148
0 0.9875 0.3648148148148148 0.0234375 0.08333333333333333
1 0.9229166666666667 0.837037037037037 0.04375 0.037037037037037035
1 0.20572916666666666 0.975 0.058854166666666666 0.04814814814814815
1 0.5125 0.5675925925925925 0.023958333333333335 0.0962962962962963
1 0.8619791666666666 0.8962962962962963 0.0421875 0.03518518518518519
1 0.98125 0.6805555555555556 0.034895833333333334 0.06759259259259259
0 0.9822916666666667 0.22592592592592592 0.0328125 0.10555555555555556
