1 0.2351851851851852 0.8614583333333333 0.07592592592592592 0.0390625
0 0.95 0.8942708333333333 0.1 0.071875
0 0.8555555555555555 0.603125 0.10925925925925926 0.0703125
0 0.46111111111111114 0.29322916666666665 0.08981481481481482 0.03802083333333333
0 0.7898148148148149 0.9354166666666667 0.1111111111111111 0.059895833333333336
0 0.7685185185185185 0.2526041666666667 0.1111111111111111 0.07760416666666667
0 0.6 0.22447916666666667 0.1361111111111111 0.090625
1 0.5509259259259259 0.9692708333333333 0.05555555555555555 0.036458333333333336
1 0.37037037037037035 0.8802083333333334 0.04259259259259259 0.036458333333333336
1 0.4398148148148148 0.378125 0.062037037037037036 0.0578125
0 0.6296296296296297 0.43697916666666664 0.09444444444444444 0.059895833333333336
1 0.5990740740740741 0.8927083333333333 0.08055555555555556 0.053125
1 0.275 0.24166666666666667 0.08333333333333333 0.030208333333333334
1 0.20277777777777778 0.33177083333333335 0.13240740740740742 0.05572916666666667
0 0.6351851851851852 0.9880208333333333 0.08425925925925926 0.023958333333333335
1 0.16296296296296298 0.9229166666666667 0.03796296296296296 0.044270833333333336
1 0.025 0.20625 0.049074074074074076 0.059375
1 0.4324074074074074 0.5125 0.09722222222222222 0.024479166666666666
1 0.1037037037037037 0.8625 0.03611111111111111 0.042708333333333334
1 0.3194444444444444 0.9817708333333334 0.06851851851851852 0.035416666666666666
0 0.774074074074074 0.9828125 0.10648148148148148 0.03333333333333333
