1 0.6787037037037037 0.5666666666666667 0.12037037037037036 0.05416666666666667
1 0.8546296296296296 0.26875 0.14722222222222223 0.057291666666666664
1 0.9537037037037037 0.29270833333333335 0.08425925925925926 0.08125
0 0.2212962962962963 0.6833333333333333 0.16018518518518518 0.09270833333333334
1 0.4444444444444444 0.4739583333333333 0.07962962962962963 0.06666666666666667
0 0.24444444444444444 0.8838541666666667 0.13148148148148148 0.065625
1 0.9157407407407407 0.0390625 0.1685185185185185 0.040625
1 0.2564814814814815 0.21822916666666667 0.12314814814814815 0.058333333333333334
1 0.725925925925926 0.7536458333333333 0.09259259259259259 0.042708333333333334
1 0.9203703703703704 0.7703125 0.15833333333333333 0.07552083333333333
1 0.649074074074074 0.20885416666666667 0.1824074074074074 0.0453125
1 0.6046296296296296 0.3328125 0.05740740740740741 0.058333333333333334
0 0.8768518518518519 0.9666666666666667 0.13148148148148148 0.06614583333333333
1 0.9 0.171875 0.06574074074074074 0.096875
1 0.2935185185185185 0.46875 0.07685185185185185 0.10625
1 0.24074074074074073 0.565625 0.21481481481481482 0.078125
0 0.5925925925925926 0.7859375 0.10462962962962963 0.06770833333333333
1 0.937962962962963 0.6010416666666667 0.12314814814814815 0.0671875
1 0.950925925925926 0.4125 0.09722222222222222 0.0515625
1 0.5074074074074074 0.75 0.10925925925925926 0.08333333333333333
1 0.7675925925925926 0.025520833333333333 0.06111111111111111 0.0515625
1 0.49537037037037035 0.015625 0.08148148148148149 0.03177083333333333
1 0.9629629629629629 0.5078125 0.07407407407407407 0.06927083333333334
