1 0.5661458333333333 0.3212962962962963 0.05364583333333333 0.11944444444444445
1 0.2682291666666667 0.14537037037037037 0.05677083333333333 0.14629629629629629
1 0.2921875 0.046296296296296294 0.08072916666666667 0.08333333333333333
0 0.6828125 0.7787037037037037 0.0921875 0.15925925925925927
1 0.4734375 0.5555555555555556 0.06614583333333333 0.0787037037037037
0 0.8833333333333333 0.7555555555555555 0.06510416666666667 0.13055555555555556
1 0.03854166666666667 0.08425925925925926 0.04010416666666667 0.1685185185185185
1 0.21770833333333334 0.7435185185185185 0.0578125 0.12222222222222222
1 0.753125 0.2740740740740741 0.0421875 0.09166666666666666
1 0.7703125 0.07962962962962963 0.075 0.1574074074074074
1 0.20885416666666667 0.3509259259259259 0.04479166666666667 0.1814814814814815
1 0.33229166666666665 0.39537037037037037 0.0578125 0.05648148148148148
0 0.9666666666666667 0.12314814814814815 0.065625 0.13055555555555556
1 0.17135416666666667 0.1 0.09635416666666667 0.06481481481481481
1 0.46822916666666664 0.7064814814814815 0.10572916666666667 0.07592592592592592
1 0.5651041666666666 0.7592592592592593 0.07760416666666667 0.21388888888888888
0 0.7854166666666667 0.4074074074074074 0.0671875 0.1037037037037037
1 0.6010416666666667 0.06111111111111111 0.06666666666666667 0.12314814814814815
1 0.4125 0.04814814814814815 0.051041666666666666 0.09722222222222222
1 0.7494791666666667 0.4925925925925926 0.0828125 0.10833333333333334
1 0.025520833333333333 0.2324074074074074 0.051041666666666666 0.06018518518518518
1 0.015625 0.5046296296296297 0.03125 0.08055555555555556
1 0.5078125 0.037037037037037035 0.06875 0.07407407407407407
