1 0.7083333333333334 0.4027777777777778 0.06770833333333333 0.15046296296296297
1 0.3359375 0.18171296296296297 0.07161458333333333 0.1840277777777778
1 0.3658854166666667 0.05787037037037037 0.1015625 0.10532407407407407
0 0.8541666666666666 0.9363425925925926 0.11588541666666667 0.1261574074074074
1 0.5924479166666666 0.6956018518518519 0.08333333333333333 0.09953703703703703
1 0.048828125 0.10532407407407407 0.05078125 0.21180555555555555
1 0.2727864583333333 0.9259259259259259 0.07291666666666667 0.14699074074074073
1 0.9420572916666666 0.34375 0.053385416666666664 0.11574074074074074
1 0.9576822916666666 0.09953703703703703 0.083984375 0.19791666666666666
1 0.2610677083333333 0.4386574074074074 0.056640625 0.22800925925925927
1 0.416015625 0.49537037037037035 0.07291666666666667 0.07175925925925926
1 0.21484375 0.125 0.12109375 0.08217592592592593
1 0.5859375 0.8831018518518519 0.1328125 0.09606481481481481
1 0.70703125 0.9074074074074074 0.09765625 0.1840277777777778
0 0.9700520833333334 0.5092592592592593 0.059895833333333336 0.13078703703703703
1 0.7513020833333334 0.0775462962962963 0.083984375 0.1550925925925926
1 0.515625 0.061342592592592594 0.064453125 0.12268518518518519
1 0.9375 0.6168981481481481 0.10416666666666667 0.13657407407407407
1 0.031901041666666664 0.2916666666666667 0.064453125 0.0763888888888889
1 0.01953125 0.6319444444444444 0.039713541666666664 0.10185185185185185
1 0.634765625 0.046296296296296294 0.08658854166666667 0.09375
