1 0.7044270833333334 0.5729166666666666 0.057942708333333336 0.1712962962962963
1 0.4205729166666667 0.43287037037037035 0.059895833333333336 0.1099537037037037
1 0.3365885416666667 0.6620370370370371 0.05859375 0.1840277777777778
1 0.408203125 0.16203703703703703 0.07552083333333333 0.1412037037037037
1 0.865234375 0.6956018518518519 0.080078125 0.11805555555555555
1 0.037109375 0.2488425925925926 0.07421875 0.1423611111111111
1 0.193359375 0.06712962962962964 0.068359375 0.13541666666666666
1 0.16731770833333334 0.6180555555555556 0.051432291666666664 0.1597222222222222
1 0.5032552083333334 0.6585648148148148 0.046223958333333336 0.17708333333333334
1 0.193359375 0.4270833333333333 0.146484375 0.10416666666666667
1 0.5540364583333334 0.1423611111111111 0.0546875 0.11226851851851852
1 0.962890625 0.30324074074074076 0.047526041666666664 0.14814814814814814
1 0.77734375 0.14467592592592593 0.09049479166666667 0.09606481481481481
1 0.7454427083333334 0.3402777777777778 0.04296875 0.11805555555555555
