1 0.5635416666666667 0.45740740740740743 0.04583333333333333 0.1361111111111111
1 0.8447916666666667 0.5731481481481482 0.08333333333333333 0.10092592592592593
1 0.3359375 0.34629629629629627 0.04739583333333333 0.08703703703703704
1 0.26875 0.5296296296296297 0.04635416666666667 0.14629629629629629
1 0.3260416666666667 0.1287037037037037 0.059895833333333336 0.11203703703703703
1 0.6921875 0.5555555555555556 0.06354166666666666 0.09351851851851851
1 0.029166666666666667 0.19907407407407407 0.058854166666666666 0.11296296296296296
1 0.1546875 0.053703703703703705 0.05416666666666667 0.10740740740740741
1 0.13385416666666666 0.4935185185185185 0.040625 0.12685185185185185
1 0.909375 0.3351851851851852 0.050520833333333334 0.14907407407407408
1 0.40260416666666665 0.5268518518518519 0.036458333333333336 0.14074074074074075
1 0.1546875 0.34074074074074073 0.11666666666666667 0.0824074074074074
1 0.4427083333333333 0.11388888888888889 0.043229166666666666 0.08888888888888889
1 0.7703125 0.24166666666666667 0.0375 0.1175925925925926
1 0.621875 0.11574074074074074 0.071875 0.07592592592592592
1 0.9828125 0.42407407407407405 0.0328125 0.08425925925925926
1 0.5958333333333333 0.2712962962962963 0.033854166666666664 0.09351851851851851
