1 0.5425925925925926 0.5635416666666667 0.13703703703703704 0.04635416666666667
1 0.42685185185185187 0.8447916666666667 0.10185185185185185 0.08385416666666666
1 0.6537037037037037 0.33645833333333336 0.08796296296296297 0.04791666666666667
1 0.4703703703703704 0.26927083333333335 0.14722222222222223 0.046875
1 0.8712962962962963 0.3265625 0.11296296296296296 0.06041666666666667
1 0.4444444444444444 0.6921875 0.09444444444444444 0.0640625
1 0.8009259259259259 0.0296875 0.11388888888888889 0.059375
1 0.9462962962962963 0.1546875 0.10740740740740741 0.0546875
1 0.5064814814814815 0.13385416666666666 0.12777777777777777 0.04114583333333333
1 0.6648148148148149 0.9098958333333333 0.15 0.051041666666666666
1 0.47314814814814815 0.40260416666666665 0.14166666666666666 0.03697916666666667
1 0.6592592592592592 0.1546875 0.08333333333333333 0.1171875
1 0.8861111111111111 0.4432291666666667 0.08981481481481482 0.04375
1 0.7583333333333333 0.7703125 0.11851851851851852 0.03802083333333333
1 0.8842592592592593 0.621875 0.07685185185185185 0.07239583333333334
1 0.575925925925926 0.9833333333333333 0.08518518518518518 0.03333333333333333
1 0.7287037037037037 0.5963541666666666 0.09444444444444444 0.034375
