1 0.5453703703703704 0.2 0.09166666666666666 0.027083333333333334
1 0.7518518518518519 0.25 0.06388888888888888 0.04375
1 0.48703703703703705 0.0234375 0.12037037037037036 0.03854166666666667
1 0.39351851851851855 0.6401041666666667 0.09907407407407408 0.04791666666666667
1 0.6666666666666666 0.08020833333333334 0.05740740740740741 0.065625
1 0.5861111111111111 0.490625 0.06388888888888888 0.050520833333333334
1 0.31296296296296294 0.011979166666666667 0.08611111111111111 0.023958333333333335
1 0.36574074074074076 0.09947916666666666 0.09814814814814815 0.0484375
1 0.6027777777777777 0.12083333333333333 0.10277777777777777 0.03333333333333333
1 0.26666666666666666 0.359375 0.05462962962962963 0.03229166666666667
1 0.2953703703703704 0.475 0.05925925925925926 0.05677083333333333
1 0.8166666666666667 0.058333333333333334 0.04722222222222222 0.05260416666666667
1 0.34629629629629627 0.18645833333333334 0.05092592592592592 0.052083333333333336
1 0.7546296296296297 0.16979166666666667 0.05185185185185185 0.06458333333333334
1 0.6842592592592592 0.3411458333333333 0.09722222222222222 0.027604166666666666
1 0.22777777777777777 0.56875 0.0824074074074074 0.059895833333333336
1 0.6833333333333333 0.6130208333333333 0.09351851851851851 0.0203125
1 0.5472222222222223 0.33229166666666665 0.07777777777777778 0.03854166666666667
1 0.2574074074074074 0.6255208333333333 0.049074074074074076 0.0453125
1 0.3990740740740741 0.2796875 0.06944444444444445 0.05
1 0.3314814814814815 0.796875 0.06481481481481481 0.0640625
1 0.23148148148148148 0.2078125 0.06759259259259259 0.0375
1 0.4648148148148148 0.49114583333333334 0.06018518518518518 0.04583333333333333
1 0.5722222222222222 0.5854166666666667 0.040740740740740744 0.0265625
1 0.6398148148148148 0.7166666666666667 0.09907407407407408 0.10260416666666666
1 0.5351851851851852 0.7927083333333333 0.09444444444444444 0.08645833333333333
1 0.5027777777777778 0.65625 0.11018518518518519 0.07552083333333333
1 0.7083333333333334 0.4453125 0.10185185185185185 0.027083333333333334
1 0.46296296296296297 0.76875 0.06574074074074074 0.0609375
1 0.687037037037037 0.83125 0.03611111111111111 0.06354166666666666
1 0.44722222222222224 0.4140625 0.05555555555555555 0.0390625
1 0.4675925925925926 0.29739583333333336 0.03888888888888889 0.07864583333333333
