1 0.25 0.5682870370370371 0.033854166666666664 0.11458333333333333
1 0.3125 0.3101851851851852 0.0546875 0.0798611111111111
1 0.029296875 0.6423611111111112 0.048177083333333336 0.15046296296296297
1 0.8001302083333334 0.7581018518518519 0.059895833333333336 0.12384259259259259
1 0.10026041666666667 0.41782407407407407 0.08203125 0.07175925925925926
1 0.61328125 0.5173611111111112 0.06315104166666667 0.0798611111111111
1 0.014973958333333334 0.8587962962962963 0.029947916666666668 0.1076388888888889
1 0.12434895833333333 0.7939814814814815 0.060546875 0.12268518518518519
1 0.15104166666666666 0.4965277777777778 0.041666666666666664 0.1284722222222222
1 0.44921875 0.9166666666666666 0.040364583333333336 0.06828703703703703
1 0.59375 0.8819444444444444 0.07096354166666667 0.07407407407407407
1 0.07291666666666667 0.22916666666666666 0.06575520833333333 0.059027777777777776
1 0.23307291666666666 0.8171296296296297 0.06510416666666667 0.06365740740740741
1 0.21223958333333334 0.30787037037037035 0.08072916666666667 0.06481481481481481
1 0.4264322916666667 0.39467592592592593 0.034505208333333336 0.12152777777777778
1 0.7109375 0.9571759259259259 0.07486979166666667 0.08564814814814815
1 0.7662760416666666 0.3958333333333333 0.025390625 0.11689814814814815
1 0.4153645833333333 0.5671296296296297 0.048177083333333336 0.09722222222222222
1 0.7819010416666666 0.9282407407407407 0.056640625 0.061342592592592594
1 0.349609375 0.7511574074074074 0.0625 0.08680555555555555
1 0.9778645833333334 0.8368055555555556 0.043619791666666664 0.08101851851851852
1 0.259765625 0.9594907407407407 0.046875 0.08101851851851852
1 0.6139322916666666 0.6689814814814815 0.057291666666666664 0.07523148148148148
1 0.7317708333333334 0.5358796296296297 0.033203125 0.05092592592592592
1 0.8958333333333334 0.45023148148148145 0.12825520833333334 0.12384259259259259
1 0.9680989583333334 0.5821759259259259 0.06315104166666667 0.11805555555555555
1 0.8203125 0.6215277777777778 0.09440104166666667 0.13773148148148148
1 0.556640625 0.36574074074074076 0.033854166666666664 0.12731481481481483
1 0.9609375 0.6712962962962963 0.076171875 0.08217592592592593
1 0.9993489583333334 0.3912037037037037 0.0006510416666666666 0.04513888888888889
1 0.517578125 0.6921296296296297 0.048828125 0.06944444444444445
1 0.3717447916666667 0.6666666666666666 0.09830729166666667 0.04861111111111111
