1 0.19947916666666668 0.4546296296296296 0.0265625 0.09074074074074075
1 0.24947916666666667 0.24814814814814815 0.043229166666666666 0.06296296296296296
1 0.022916666666666665 0.512962962962963 0.03802083333333333 0.11944444444444445
1 0.6395833333333333 0.6064814814814815 0.04739583333333333 0.09814814814814815
1 0.0796875 0.3333333333333333 0.06510416666666667 0.05648148148148148
1 0.490625 0.41388888888888886 0.05 0.06296296296296296
1 0.011458333333333333 0.687037037037037 0.0234375 0.08518518518518518
1 0.09947916666666666 0.6342592592592593 0.04791666666666667 0.09722222222222222
1 0.1203125 0.3972222222222222 0.0328125 0.10185185185185185
1 0.35885416666666664 0.7333333333333333 0.03177083333333333 0.053703703703703705
1 0.475 0.7046296296296296 0.05625 0.058333333333333334
1 0.058333333333333334 0.18333333333333332 0.052083333333333336 0.046296296296296294
1 0.1859375 0.6537037037037037 0.0515625 0.05
1 0.16927083333333334 0.24537037037037038 0.0640625 0.05092592592592592
1 0.3411458333333333 0.31574074074074077 0.027083333333333334 0.0962962962962963
1 0.56875 0.7722222222222223 0.059375 0.08148148148148149
1 0.6130208333333333 0.31666666666666665 0.019791666666666666 0.09259259259259259
1 0.33177083333333335 0.4527777777777778 0.03802083333333333 0.07685185185185185
1 0.6255208333333333 0.7425925925925926 0.04479166666666667 0.04814814814814815
1 0.2791666666666667 0.600925925925926 0.049479166666666664 0.06851851851851852
1 0.796875 0.6685185185185185 0.06354166666666666 0.06388888888888888
1 0.20729166666666668 0.7685185185185185 0.03697916666666667 0.06666666666666667
1 0.490625 0.5351851851851852 0.0453125 0.05925925925925926
1 0.5854166666666667 0.42777777777777776 0.026041666666666668 0.03981481481481482
1 0.7166666666666667 0.36018518518518516 0.10208333333333333 0.09814814814814815
1 0.7921875 0.4648148148148148 0.0859375 0.09351851851851851
1 0.65625 0.49722222222222223 0.075 0.10925925925925926
1 0.44479166666666664 0.2916666666666667 0.0265625 0.10092592592592593
1 0.76875 0.5370370370370371 0.06041666666666667 0.06481481481481481
1 0.8307291666666666 0.31296296296296294 0.06302083333333333 0.03518518518518519
1 0.4140625 0.5527777777777778 0.03854166666666667 0.05462962962962963
1 0.29739583333333336 0.5324074074074074 0.078125 0.03796296296296296
