1 0.26851851851851855 0.578125 0.13703703703703704 0.03333333333333333
1 0.125 0.8458333333333333 0.10925925925925926 0.07395833333333333
0 0.9212962962962963 0.1734375 0.11666666666666667 0.05572916666666667
1 0.44074074074074077 0.5739583333333333 0.10462962962962963 0.06145833333333333
1 0.7129629629629629 0.034895833333333334 0.13055555555555556 0.033854166666666664
1 0.6277777777777778 0.6052083333333333 0.08796296296296297 0.0703125
1 0.08611111111111111 0.64375 0.1388888888888889 0.0421875
1 0.27685185185185185 0.1171875 0.15555555555555556 0.035416666666666666
1 0.17222222222222222 0.6770833333333334 0.06851851851851852 0.0671875
1 0.4981481481481482 0.7927083333333333 0.10462962962962963 0.0671875
1 0.95 0.6572916666666667 0.1 0.04791666666666667
1 0.925 0.86875 0.13425925925925927 0.04583333333333333
1 0.9546296296296296 0.7395833333333334 0.08981481481481482 0.05520833333333333
1 0.8537037037037037 0.58125 0.08055555555555556 0.0734375
1 0.3398148148148148 0.7088541666666667 0.06574074074074074 0.059375
1 0.04722222222222222 0.5416666666666666 0.09351851851851851 0.025
1 0.30833333333333335 0.8494791666666667 0.12129629629629629 0.0421875
1 0.43148148148148147 0.15 0.08796296296296297 0.09739583333333333
1 0.5972222222222222 0.6973958333333333 0.08518518518518518 0.0703125
1 0.5435185185185185 0.7583333333333333 0.14444444444444443 0.0453125
1 0.6898148148148148 0.8817708333333333 0.08703703703703704 0.07239583333333334
1 0.7907407407407407 0.759375 0.10092592592592593 0.04791666666666667
1 0.3638888888888889 0.9135416666666667 0.07037037037037037 0.0453125
