1 0.72265625 0.9143518518518519 0.041666666666666664 0.1701388888888889
0 0.216796875 0.09953703703703703 0.06966145833333333 0.14583333333333334
1 0.7174479166666666 0.6990740740740741 0.07682291666666667 0.13078703703703703
1 0.043619791666666664 0.3587962962962963 0.042317708333333336 0.16319444444444445
1 0.7565104166666666 0.4652777777777778 0.087890625 0.1099537037037037
1 0.146484375 0.9039351851851852 0.044270833333333336 0.19212962962962962
1 0.8463541666666666 0.9965277777777778 0.083984375 0.006944444444444444
1 0.974609375 0.6273148148148148 0.05078125 0.13078703703703703
1 0.8216145833333334 0.0625 0.059895833333333336 0.1261574074074074
1 0.9244791666666666 0.056712962962962965 0.06901041666666667 0.11342592592592593
1 0.7265625 0.18287037037037038 0.091796875 0.10069444444444445
1 0.8860677083333334 0.8252314814814815 0.07421875 0.08217592592592593
1 0.1875 0.7106481481481481 0.12174479166666667 0.1099537037037037
1 0.8717447916666666 0.5046296296296297 0.087890625 0.10648148148148148
1 0.9479166666666666 0.5717592592592593 0.056640625 0.18055555555555555
1 0.94921875 0.26157407407407407 0.059895833333333336 0.1261574074074074
