1 0.5776041666666667 0.7314814814814815 0.0328125 0.1361111111111111
1 0.8453125 0.875 0.0734375 0.10833333333333334
0 0.1734375 0.0787037037037037 0.05520833333333333 0.11574074074074074
1 0.5734375 0.5592592592592592 0.0609375 0.1037037037037037
1 0.034895833333333334 0.28703703703703703 0.03333333333333333 0.12962962962962962
1 0.6052083333333333 0.37222222222222223 0.06979166666666667 0.08703703703703704
1 0.64375 0.9138888888888889 0.041666666666666664 0.13796296296296295
1 0.11666666666666667 0.7231481481481481 0.034895833333333334 0.15462962962962962
1 0.6770833333333334 0.8277777777777777 0.06666666666666667 0.06759259259259259
1 0.7927083333333333 0.5018518518518519 0.06666666666666667 0.1037037037037037
1 0.6567708333333333 0.05 0.04739583333333333 0.1
1 0.8682291666666667 0.075 0.0453125 0.13333333333333333
1 0.7390625 0.044444444444444446 0.0546875 0.08981481481481482
1 0.58125 0.14629629629629629 0.07291666666666667 0.07962962962962963
1 0.7083333333333334 0.6601851851851852 0.058854166666666666 0.06481481481481481
1 0.5411458333333333 0.9527777777777777 0.024479166666666666 0.09259259259259259
1 0.8494791666666667 0.6916666666666667 0.041666666666666664 0.12037037037037036
1 0.15 0.5685185185185185 0.096875 0.08703703703703704
1 0.6973958333333333 0.4027777777777778 0.06979166666666667 0.08425925925925926
1 0.7583333333333333 0.4564814814814815 0.04479166666666667 0.14351851851851852
1 0.8817708333333333 0.3101851851851852 0.071875 0.08611111111111111
1 0.7588541666666667 0.20925925925925926 0.04739583333333333 0.1
1 0.9135416666666667 0.6361111111111111 0.04479166666666667 0.06944444444444445
