0 0.4942708333333333 0.4703703703703704 0.06354166666666666 0.11388888888888889
1 0.47604166666666664 0.7157407407407408 0.03854166666666667 0.1259259259259259
0 0.4359375 0.3453703703703704 0.09635416666666667 0.1425925925925926
0 0.45364583333333336 0.14074074074074075 0.0609375 0.13148148148148148
0 0.6807291666666667 0.3592592592592593 0.08177083333333333 0.14814814814814814
0 0.8661458333333333 0.05185185185185185 0.11041666666666666 0.10462962962962963
0 0.7796875 0.85 0.0484375 0.1175925925925926
1 0.7817708333333333 0.5231481481481481 0.027083333333333334 0.14444444444444443
1 0.09375 0.6259259259259259 0.0453125 0.07777777777777778
1 0.043229166666666666 0.05277777777777778 0.03802083333333333 0.10648148148148148
1 0.6239583333333333 0.5416666666666666 0.07604166666666666 0.06851851851851852
0 0.571875 0.040740740740740744 0.08020833333333334 0.0824074074074074
1 0.06458333333333334 0.29444444444444445 0.04375 0.08425925925925926
1 0.0125 0.687962962962963 0.025 0.1175925925925926
1 0.45 0.9731481481481481 0.044270833333333336 0.041666666666666664
1 0.0171875 0.8925925925925926 0.034375 0.0824074074074074
