0 0.6178385416666666 0.5891203703703703 0.080078125 0.14351851851851852
1 0.5950520833333334 0.8946759259259259 0.048828125 0.15856481481481483
0 0.5455729166666666 0.43171296296296297 0.12109375 0.17939814814814814
0 0.5677083333333334 0.17592592592592593 0.07682291666666667 0.16550925925925927
0 0.8515625 0.44907407407407407 0.10286458333333333 0.1863425925925926
0 0.9720052083333334 0.9942129629629629 0.055338541666666664 0.010416666666666666
1 0.9772135416666666 0.6539351851851852 0.034505208333333336 0.18171296296296297
1 0.11783854166666667 0.7824074074074074 0.057291666666666664 0.09837962962962964
1 0.0546875 0.06712962962962964 0.048177083333333336 0.13425925925925927
1 0.7799479166666666 0.6770833333333334 0.095703125 0.08680555555555555
0 0.71484375 0.052083333333333336 0.10091145833333333 0.10416666666666667
1 0.08072916666666667 0.36921296296296297 0.055338541666666664 0.10648148148148148
1 0.015625 0.8611111111111112 0.031901041666666664 0.14814814814814814
