0 0.5296296296296297 0.4942708333333333 0.11481481481481481 0.0640625
1 0.28425925925925927 0.47604166666666664 0.12685185185185185 0.0390625
0 0.6546296296296297 0.43645833333333334 0.14351851851851852 0.096875
0 0.8592592592592593 0.45416666666666666 0.13240740740740742 0.06145833333333333
0 0.6407407407407407 0.68125 0.14907407407407408 0.08229166666666667
0 0.9472222222222222 0.8661458333333333 0.10462962962962963 0.1109375
0 0.15 0.7802083333333333 0.11851851851851852 0.04895833333333333
1 0.47685185185185186 0.7817708333333333 0.14537037037037037 0.027604166666666666
1 0.37407407407407406 0.09427083333333333 0.0787037037037037 0.04583333333333333
1 0.9462962962962963 0.04375 0.10648148148148148 0.03854166666666667
1 0.4583333333333333 0.6239583333333333 0.06944444444444445 0.0765625
0 0.9583333333333334 0.571875 0.0824074074074074 0.08072916666666667
1 0.7055555555555556 0.06458333333333334 0.08518518518518518 0.044270833333333336
1 0.31203703703703706 0.0125 0.11851851851851852 0.025520833333333333
1 0.026851851851851852 0.4505208333333333 0.04259259259259259 0.04479166666666667
1 0.10740740740740741 0.0171875 0.08333333333333333 0.034895833333333334
