1 0.4173177083333333 0.8564814814814815 0.055989583333333336 0.09490740740740741
1 0.6888020833333334 0.4976851851851852 0.049479166666666664 0.15393518518518517
1 0.6627604166666666 0.9212962962962963 0.06770833333333333 0.056712962962962965
1 0.5944010416666666 0.3506944444444444 0.057942708333333336 0.1284722222222222
1 0.48046875 0.34953703703703703 0.06705729166666667 0.06828703703703703
1 0.11328125 0.32060185185185186 0.072265625 0.06828703703703703
1 0.7799479166666666 0.5520833333333334 0.07552083333333333 0.1875
1 0.5703125 0.6620370370370371 0.034505208333333336 0.13194444444444445
1 0.44921875 0.21296296296296297 0.04296875 0.08912037037037036
1 0.09505208333333333 0.5335648148148148 0.057291666666666664 0.0798611111111111
1 0.7662760416666666 0.8217592592592593 0.055338541666666664 0.13541666666666666
1 0.6998697916666666 0.2777777777777778 0.043619791666666664 0.12268518518518519
1 0.517578125 0.8530092592592593 0.08138020833333333 0.06018518518518518
1 0.20638020833333334 0.5046296296296297 0.061197916666666664 0.07291666666666667
1 0.4700520833333333 0.6006944444444444 0.036458333333333336 0.1099537037037037
1 0.2604166666666667 0.27199074074074076 0.047526041666666664 0.1076388888888889
1 0.2994791666666667 0.7928240740740741 0.035807291666666664 0.12384259259259259
1 0.10481770833333333 0.6909722222222222 0.06640625 0.06828703703703703
1 0.625 0.7256944444444444 0.07747395833333333 0.05439814814814815
1 0.8489583333333334 0.28935185185185186 0.09700520833333333 0.06365740740740741
1 0.16471354166666666 0.8391203703703703 0.029947916666666668 0.12962962962962962
1 0.365234375 0.42476851851851855 0.052734375 0.11226851851851852
1 0.3111979166666667 0.6122685185185185 0.052083333333333336 0.10532407407407407
