1 0.3333333333333333 0.6842592592592592 0.044270833333333336 0.075
1 0.5505208333333333 0.39814814814814814 0.0390625 0.12222222222222222
1 0.5296875 0.737037037037037 0.05364583333333333 0.044444444444444446
1 0.47552083333333334 0.28055555555555556 0.04583333333333333 0.10185185185185185
1 0.384375 0.2796296296296296 0.053125 0.053703703703703705
1 0.090625 0.2564814814814815 0.057291666666666664 0.053703703703703705
1 0.6234375 0.44074074074074077 0.059895833333333336 0.14907407407407408
1 0.45625 0.5287037037037037 0.027083333333333334 0.10462962962962963
1 0.35885416666666664 0.17037037037037037 0.033854166666666664 0.07037037037037037
1 0.07552083333333333 0.42685185185185187 0.0453125 0.06296296296296296
1 0.6130208333333333 0.6574074074074074 0.04375 0.10740740740740741
1 0.5598958333333334 0.2212962962962963 0.034375 0.09722222222222222
1 0.4140625 0.6814814814814815 0.06458333333333334 0.04722222222222222
1 0.16458333333333333 0.40370370370370373 0.0484375 0.05740740740740741
1 0.37552083333333336 0.48055555555555557 0.028645833333333332 0.08703703703703704
1 0.20833333333333334 0.2175925925925926 0.0375 0.08518518518518518
1 0.23958333333333334 0.6342592592592593 0.028125 0.09814814814814815
1 0.08333333333333333 0.5527777777777778 0.05260416666666667 0.053703703703703705
1 0.5 0.5805555555555556 0.06145833333333333 0.04259259259259259
1 0.6791666666666667 0.23148148148148148 0.07708333333333334 0.05
1 0.13125 0.6703703703703704 0.0234375 0.10277777777777777
1 0.2921875 0.3398148148148148 0.041666666666666664 0.08888888888888889
1 0.2484375 0.4898148148148148 0.04114583333333333 0.08333333333333333
