1 0.31574074074074077 0.3338541666666667 0.07592592592592592 0.04479166666666667
1 0.6018518518518519 0.5510416666666667 0.12314814814814815 0.03958333333333333
1 0.26296296296296295 0.5302083333333333 0.04537037037037037 0.05416666666666667
1 0.7194444444444444 0.47552083333333334 0.10277777777777777 0.04635416666666667
1 0.7203703703703703 0.384375 0.05462962962962963 0.05364583333333333
1 0.7435185185185185 0.090625 0.05462962962962963 0.0578125
1 0.5592592592592592 0.6239583333333333 0.15 0.06041666666666667
1 0.47129629629629627 0.45625 0.10555555555555556 0.027604166666666666
1 0.8296296296296296 0.359375 0.0712962962962963 0.034375
1 0.5731481481481482 0.07604166666666666 0.06388888888888888 0.04583333333333333
1 0.3425925925925926 0.6130208333333333 0.10833333333333334 0.044270833333333336
1 0.7787037037037037 0.5598958333333334 0.09814814814814815 0.034895833333333334
1 0.31851851851851853 0.4140625 0.04814814814814815 0.06510416666666667
1 0.5962962962962963 0.16510416666666666 0.058333333333333334 0.04895833333333333
1 0.5194444444444445 0.37604166666666666 0.08796296296296297 0.029166666666666667
1 0.7824074074074074 0.20833333333333334 0.08611111111111111 0.03802083333333333
1 0.36574074074074076 0.23958333333333334 0.09907407407407408 0.028645833333333332
1 0.44722222222222224 0.08385416666666666 0.05462962962962963 0.053125
1 0.41944444444444445 0.5 0.04351851851851852 0.06197916666666667
1 0.7685185185185185 0.6791666666666667 0.05092592592592592 0.07760416666666667
1 0.3296296296296296 0.13177083333333334 0.1037037037037037 0.023958333333333335
1 0.6601851851851852 0.2921875 0.08981481481481482 0.0421875
1 0.5101851851851852 0.24895833333333334 0.08425925925925926 0.041666666666666664
