0 0.3424479166666667 0.08101851851851852 0.047526041666666664 0.08101851851851852
0 0.2584635416666667 0.39351851851851855 0.046875 0.08564814814814815
0 0.15755208333333334 0.9675925925925926 0.057942708333333336 0.06481481481481481
0 0.5208333333333334 0.45717592592592593 0.0546875 0.0798611111111111
0 0.26171875 0.6203703703703703 0.045572916666666664 0.06018518518518518
0 0.2981770833333333 0.7048611111111112 0.055989583333333336 0.10185185185185185
0 0.376953125 0.24189814814814814 0.049479166666666664 0.08796296296296297
0 0.23111979166666666 0.2800925925925926 0.046223958333333336 0.08564814814814815
0 0.9036458333333334 0.5949074074074074 0.03125 0.05555555555555555
0 0.4583333333333333 0.11342592592592593 0.03515625 0.09027777777777778
0 0.302734375 0.2777777777777778 0.029296875 0.056712962962962965
0 0.5970052083333334 0.16898148148148148 0.029296875 0.04976851851851852
0 0.265625 0.22916666666666666 0.046223958333333336 0.07060185185185185
