0 0.27395833333333336 0.06388888888888888 0.0375 0.06388888888888888
0 0.20625 0.3138888888888889 0.03697916666666667 0.06759259259259259
0 0.12604166666666666 0.7851851851851852 0.04583333333333333 0.075
0 0.4161458333333333 0.36574074074074076 0.043229166666666666 0.06296296296296296
0 0.20885416666666667 0.49537037037037035 0.0359375 0.04722222222222222
0 0.23802083333333332 0.562962962962963 0.044270833333333336 0.08055555555555556
0 0.30104166666666665 0.1925925925925926 0.0390625 0.06944444444444445
0 0.18489583333333334 0.22314814814814815 0.036458333333333336 0.06759259259259259
0 0.7223958333333333 0.475 0.024479166666666666 0.04351851851851852
0 0.6520833333333333 0.9314814814814815 0.034375 0.058333333333333334
0 0.36614583333333334 0.08981481481481482 0.027604166666666666 0.0712962962962963
0 0.2421875 0.2222222222222222 0.022916666666666665 0.044444444444444446
0 0.47760416666666666 0.13518518518518519 0.022916666666666665 0.03888888888888889
0 0.2125 0.18333333333333332 0.036458333333333336 0.05555555555555555
0 0.9015625 0.017592592592592594 0.03229166666666667 0.03518518518518519
0 0.8161458333333333 0.1259259259259259 0.022395833333333334 0.06111111111111111
