0 0.9361111111111111 0.27395833333333336 0.06481481481481481 0.03802083333333333
0 0.6861111111111111 0.20677083333333332 0.06851851851851852 0.0375
0 0.21481481481481482 0.12604166666666666 0.07592592592592592 0.04635416666666667
0 0.6342592592592593 0.4166666666666667 0.06388888888888888 0.04375
0 0.5046296296296297 0.209375 0.04814814814814815 0.036458333333333336
0 0.43703703703703706 0.23854166666666668 0.08148148148148149 0.04479166666666667
0 0.8074074074074075 0.3015625 0.07037037037037037 0.03958333333333333
0 0.7768518518518519 0.18489583333333334 0.06851851851851852 0.03697916666666667
0 0.525 0.7229166666666667 0.044444444444444446 0.025
0 0.06851851851851852 0.6520833333333333 0.05925925925925926 0.034895833333333334
0 0.9101851851851852 0.36666666666666664 0.07222222222222222 0.028125
0 0.7777777777777778 0.2421875 0.04537037037037037 0.0234375
0 0.8648148148148148 0.47760416666666666 0.03981481481481482 0.0234375
0 0.8166666666666667 0.2125 0.05648148148148148 0.03697916666666667
0 0.9824074074074074 0.9015625 0.03518518518518519 0.0328125
0 0.8740740740740741 0.8166666666666667 0.062037037037037036 0.022916666666666665
