1 0.15 0.9462962962962963 0.0734375 0.1037037037037037
1 0.35208333333333336 0.7231481481481481 0.0578125 0.10555555555555556
1 0.4114583333333333 0.8629629629629629 0.0484375 0.12129629629629629
1 0.4244791666666667 0.3685185185185185 0.04583333333333333 0.13240740740740742
1 0.03854166666666667 0.8824074074074074 0.06770833333333333 0.0962962962962963
1 0.2989583333333333 0.38981481481481484 0.04010416666666667 0.12962962962962962
1 0.18072916666666666 0.6185185185185185 0.041666666666666664 0.08425925925925926
1 0.12135416666666667 0.19722222222222222 0.05677083333333333 0.10833333333333334
1 0.23385416666666667 0.18703703703703703 0.042708333333333334 0.11388888888888889
1 0.4557291666666667 0.23703703703703705 0.09479166666666666 0.05740740740740741
1 0.0515625 0.4222222222222222 0.04791666666666667 0.07222222222222222
1 0.028645833333333332 0.07407407407407407 0.0546875 0.09722222222222222
