1 0.053703703703703705 0.15052083333333333 0.10462962962962963 0.07395833333333333
1 0.27685185185185185 0.35260416666666666 0.10648148148148148 0.058333333333333334
1 0.13703703703703704 0.4119791666666667 0.12222222222222222 0.04895833333333333
1 0.6314814814814815 0.4244791666666667 0.13333333333333333 0.04635416666666667
1 0.1175925925925926 0.03854166666666667 0.09722222222222222 0.06822916666666666
1 0.6101851851851852 0.2994791666666667 0.13055555555555556 0.040625
1 0.3814814814814815 0.18072916666666666 0.08518518518518518 0.0421875
1 0.8027777777777778 0.121875 0.10925925925925926 0.057291666666666664
1 0.812962962962963 0.23385416666666667 0.11481481481481481 0.043229166666666666
1 0.762962962962963 0.4557291666666667 0.058333333333333334 0.0953125
1 0.5777777777777777 0.0515625 0.07314814814814814 0.0484375
1 0.9259259259259259 0.029166666666666667 0.09814814814814815 0.05520833333333333
