0 0.06111111111111111 0.5932291666666667 0.1111111111111111 0.1125
0 0.4564814814814815 0.39427083333333335 0.10648148148148148 0.057291666666666664
0 0.44166666666666665 0.2703125 0.14722222222222223 0.07083333333333333
0 0.649074074074074 0.1390625 0.1259259259259259 0.09322916666666667
0 0.34074074074074073 0.1359375 0.12777777777777777 0.07760416666666667
1 0.6398148148148148 0.5713541666666667 0.09444444444444444 0.09166666666666666
0 0.1935185185185185 0.47239583333333335 0.16666666666666666 0.07760416666666667
0 0.3398148148148148 0.5713541666666667 0.1259259259259259 0.12447916666666667
0 0.18703703703703703 0.37864583333333335 0.14444444444444443 0.06822916666666666
0 0.05925925925925926 0.19895833333333332 0.11666666666666667 0.09114583333333333
1 0.6092592592592593 0.309375 0.16111111111111112 0.03854166666666667
1 0.6657407407407407 0.45729166666666665 0.07222222222222222 0.06197916666666667
1 0.9564814814814815 0.3109375 0.08703703703703704 0.035416666666666666
0 0.8898148148148148 0.5197916666666667 0.09537037037037037 0.0484375
1 0.9388888888888889 0.578125 0.0712962962962963 0.0515625
1 0.9657407407407408 0.4166666666666667 0.06759259259259259 0.06458333333333334
