0 0.4928385416666667 0.6793981481481481 0.07161458333333333 0.13310185185185186
0 0.337890625 0.6979166666666666 0.08854166666666667 0.1840277777777778
0 0.173828125 0.4398148148148148 0.11653645833333333 0.1574074074074074
0 0.169921875 0.8252314814814815 0.09700520833333333 0.1597222222222222
1 0.7141927083333334 0.4513888888888889 0.11458333333333333 0.11805555555555555
0 0.5904947916666666 0.9525462962962963 0.09700520833333333 0.09490740740740741
0 0.7141927083333334 0.8263888888888888 0.15559895833333334 0.1574074074074074
0 0.4733072916666667 0.9629629629629629 0.08528645833333333 0.07291666666666667
1 0.38671875 0.4895833333333333 0.048177083333333336 0.2013888888888889
1 0.5716145833333334 0.41898148148148145 0.07747395833333333 0.09027777777777778
1 0.388671875 0.05439814814814815 0.044270833333333336 0.1099537037037037
0 0.6497395833333334 0.13773148148148148 0.060546875 0.11921296296296297
1 0.72265625 0.0763888888888889 0.064453125 0.08912037037037036
1 0.5208333333333334 0.04282407407407408 0.08072916666666667 0.08564814814814815
