0 0.5927083333333333 0.9388888888888889 0.11197916666666667 0.11018518518518519
0 0.39375 0.5435185185185185 0.05677083333333333 0.10555555555555556
0 0.26979166666666665 0.5583333333333333 0.0703125 0.14629629629629629
0 0.1390625 0.3509259259259259 0.09270833333333334 0.125
0 0.1359375 0.6592592592592592 0.07708333333333334 0.12685185185185185
1 0.5708333333333333 0.36018518518518516 0.09114583333333333 0.09351851851851851
0 0.47239583333333335 0.8064814814814815 0.07708333333333334 0.16574074074074074
0 0.5713541666666667 0.6601851851851852 0.12395833333333334 0.125
0 0.37864583333333335 0.812962962962963 0.06770833333333333 0.14351851851851852
0 0.19895833333333332 0.9407407407407408 0.090625 0.11574074074074074
1 0.30885416666666665 0.3907407407407407 0.03802083333333333 0.16018518518518518
1 0.45729166666666665 0.33425925925925926 0.06145833333333333 0.0712962962962963
1 0.3104166666666667 0.04351851851851852 0.034895833333333334 0.08703703703703704
0 0.5197916666666667 0.11018518518518519 0.04791666666666667 0.09444444444444444
1 0.578125 0.06111111111111111 0.051041666666666666 0.07037037037037037
1 0.4161458333333333 0.03333333333333333 0.0640625 0.06759259259259259
