0 0.5722222222222222 0.5661458333333333 0.10092592592592593 0.05572916666666667
0 0.175 0.6822916666666666 0.12777777777777777 0.0671875
0 0.3055555555555556 0.5255208333333333 0.11018518518518519 0.06510416666666667
0 0.5268518518518519 0.09270833333333334 0.10462962962962963 0.0453125
1 0.7166666666666667 0.7791666666666667 0.06296296296296296 0.06145833333333333
0 0.08518518518518518 0.5401041666666667 0.10092592592592593 0.06822916666666666
0 0.5092592592592593 0.79375 0.08888888888888889 0.07395833333333333
0 0.39166666666666666 0.7098958333333333 0.11388888888888889 0.053125
0 0.5805555555555556 0.653125 0.07685185185185185 0.03958333333333333
0 0.5064814814814815 0.47604166666666664 0.08981481481481482 0.05520833333333333
0 0.11574074074074074 0.4244791666666667 0.11481481481481481 0.05677083333333333
0 0.7148148148148148 0.478125 0.09444444444444444 0.06302083333333333
0 0.7157407407407408 0.10572916666666667 0.10462962962962963 0.07083333333333333
0 0.8481481481481481 0.050520833333333334 0.08611111111111111 0.042708333333333334
0 0.30185185185185187 0.8046875 0.12685185185185185 0.08802083333333334
0 0.39351851851851855 0.6432291666666666 0.10740740740740741 0.04635416666666667
1 0.34444444444444444 0.08958333333333333 0.06944444444444445 0.06458333333333334
1 0.6907407407407408 0.5885416666666666 0.11388888888888889 0.04635416666666667
0 0.10092592592592593 0.7651041666666667 0.0824074074074074 0.06145833333333333
1 0.9333333333333333 0.5927083333333333 0.07777777777777778 0.03177083333333333
1 0.9416666666666667 0.6708333333333333 0.07685185185185185 0.04895833333333333
1 0.7240740740740741 0.6984375 0.041666666666666664 0.04479166666666667
1 0.9120370370370371 0.7713541666666667 0.06296296296296296 0.06666666666666667
1 0.9833333333333333 0.4557291666666667 0.032407407407407406 0.065625
