0 0.7076822916666666 0.5347222222222222 0.06966145833333333 0.1261574074074074
0 0.8528645833333334 0.9756944444444444 0.083984375 0.047453703703703706
0 0.6569010416666666 0.8680555555555556 0.08138020833333333 0.13773148148148148
0 0.11588541666666667 0.5914351851851852 0.056640625 0.13078703703703703
1 0.9674479166666666 0.35532407407407407 0.064453125 0.0787037037037037
0 0.97265625 0.6145833333333334 0.054036458333333336 0.1111111111111111
0 0.8873697916666666 0.7604166666666666 0.06640625 0.1423611111111111
0 0.81640625 0.5243055555555556 0.049479166666666664 0.09606481481481481
0 0.5950520833333334 0.6168981481481481 0.06901041666666667 0.11226851851851852
0 0.59765625 0.3576388888888889 0.07877604166666667 0.11805555555555555
0 0.13216145833333334 0.35532407407407407 0.08854166666666667 0.13078703703703703
0 0.06315104166666667 0.18981481481481483 0.053385416666666664 0.1076388888888889
0 0.9752604166666666 0.8726851851851852 0.048828125 0.15856481481481483
0 0.8040364583333334 0.7592592592592593 0.057942708333333336 0.13425925925925927
1 0.11197916666666667 0.8194444444444444 0.08072916666666667 0.08680555555555555
1 0.7356770833333334 0.38657407407407407 0.057942708333333336 0.1423611111111111
1 0.7408854166666666 0.08449074074074074 0.039713541666666664 0.09722222222222222
1 0.8385416666666666 0.07291666666666667 0.061197916666666664 0.09606481481481481
1 0.873046875 0.3449074074074074 0.055989583333333336 0.052083333333333336
1 0.9609375 0.1111111111111111 0.07747395833333333 0.0787037037037037
1 0.5696614583333334 0.020833333333333332 0.08203125 0.041666666666666664
