0 0.5661458333333333 0.42777777777777776 0.05520833333333333 0.1
0 0.6822916666666666 0.825 0.06666666666666667 0.12685185185185185
0 0.5255208333333333 0.6944444444444444 0.06458333333333334 0.10925925925925926
0 0.09270833333333334 0.47314814814814815 0.04479166666666667 0.1037037037037037
1 0.7786458333333334 0.2833333333333333 0.0609375 0.062037037037037036
0 0.5401041666666667 0.9148148148148149 0.06770833333333333 0.1
0 0.7932291666666667 0.49074074074074076 0.0734375 0.08796296296296297
0 0.709375 0.6083333333333333 0.05260416666666667 0.11296296296296296
0 0.6526041666666667 0.41944444444444445 0.0390625 0.07592592592592592
0 0.47552083333333334 0.4935185185185185 0.0546875 0.08888888888888889
0 0.4244791666666667 0.8842592592592593 0.05625 0.11388888888888889
0 0.478125 0.2851851851851852 0.0625 0.09351851851851851
0 0.10520833333333333 0.28425925925925927 0.0703125 0.1037037037037037
0 0.05 0.15185185185185185 0.0421875 0.08518518518518518
0 0.8046875 0.6981481481481482 0.0875 0.1259259259259259
0 0.6432291666666666 0.6064814814814815 0.04583333333333333 0.10648148148148148
1 0.0890625 0.6555555555555556 0.0640625 0.06851851851851852
1 0.5885416666666666 0.30925925925925923 0.04583333333333333 0.11296296296296296
0 0.7645833333333333 0.899074074074074 0.0609375 0.08148148148148149
1 0.5927083333333333 0.06666666666666667 0.03125 0.07685185185185185
1 0.6703125 0.058333333333333334 0.0484375 0.07592592592592592
1 0.6979166666666666 0.2759259259259259 0.044270833333333336 0.040740740740740744
1 0.7708333333333334 0.08796296296296297 0.06614583333333333 0.062037037037037036
1 0.4552083333333333 0.01574074074074074 0.06510416666666667 0.032407407407407406
