0 0.9733072916666666 0.5891203703703703 0.053385416666666664 0.1412037037037037
0 0.9583333333333334 0.7916666666666666 0.08268229166666667 0.1412037037037037
0 0.7141927083333334 0.059027777777777776 0.056640625 0.11805555555555555
1 0.15494791666666666 0.23148148148148148 0.09505208333333333 0.0798611111111111
1 0.111328125 0.8298611111111112 0.0390625 0.11689814814814815
0 0.7571614583333334 0.9467592592592593 0.11197916666666667 0.10648148148148148
1 0.6315104166666666 0.6782407407407407 0.07291666666666667 0.08333333333333333
1 0.049479166666666664 0.6967592592592593 0.06315104166666667 0.09375
1 0.12109375 0.36689814814814814 0.051432291666666664 0.12152777777777778
1 0.013671875 0.3912037037037037 0.02734375 0.10185185185185185
1 0.849609375 0.41898148148148145 0.061197916666666664 0.18171296296296297
1 0.857421875 0.1527777777777778 0.068359375 0.07060185185185185
1 0.7154947916666666 0.2824074074074074 0.06380208333333333 0.1574074074074074
1 0.8489583333333334 0.9988425925925926 0.057291666666666664 0.0023148148148148147
