0 0.5296296296296297 0.7833333333333333 0.11296296296296296 0.05260416666666667
0 0.3675925925925926 0.7708333333333334 0.11296296296296296 0.07395833333333333
0 0.9527777777777777 0.5713541666666667 0.09351851851851851 0.0453125
1 0.1537037037037037 0.11666666666666667 0.06296296296296296 0.0703125
1 0.8148148148148148 0.12395833333333334 0.06388888888888888 0.07604166666666666
1 0.8944444444444445 0.8619791666666666 0.07592592592592592 0.08177083333333333
1 0.33611111111111114 0.0890625 0.09351851851851851 0.03125
0 0.23148148148148148 0.6057291666666667 0.10925925925925926 0.08958333333333333
1 0.4583333333333333 0.5052083333333334 0.06666666666666667 0.058333333333333334
1 0.4425925925925926 0.03958333333333333 0.075 0.050520833333333334
1 0.7064814814814815 0.096875 0.09722222222222222 0.04114583333333333
1 0.687962962962963 0.0109375 0.08148148148148149 0.021875
1 0.6648148148148149 0.6796875 0.14537037037037037 0.04895833333333333
1 0.8777777777777778 0.6859375 0.05648148148148148 0.0546875
1 0.775 0.5723958333333333 0.1259259259259259 0.051041666666666666
1 0.1425925925925926 0.6791666666666667 0.11944444444444445 0.04583333333333333
