0 0.7833333333333333 0.4703703703703704 0.052083333333333336 0.11203703703703703
0 0.7703125 0.6324074074074074 0.0734375 0.11203703703703703
0 0.5713541666666667 0.046296296296296294 0.04479166666666667 0.09351851851851851
1 0.11666666666666667 0.8462962962962963 0.06979166666666667 0.062037037037037036
1 0.1234375 0.18518518518518517 0.07552083333333333 0.06296296296296296
1 0.8619791666666666 0.10555555555555556 0.08125 0.075
1 0.08854166666666667 0.6638888888888889 0.030729166666666665 0.09259259259259259
0 0.6052083333333333 0.7685185185185185 0.0890625 0.10833333333333334
1 0.5046875 0.5416666666666666 0.0578125 0.06574074074074074
1 0.03958333333333333 0.5574074074074075 0.05 0.07407407407407407
1 0.096875 0.2935185185185185 0.040625 0.0962962962962963
1 0.010416666666666666 0.31203703703703706 0.021354166666666667 0.08055555555555556
1 0.6791666666666667 0.3351851851851852 0.0484375 0.14444444444444443
1 0.6859375 0.12222222222222222 0.05416666666666667 0.05555555555555555
1 0.571875 0.225 0.050520833333333334 0.125
1 0.6786458333333333 0.8574074074074074 0.0453125 0.11851851851851852
