1 0.6822916666666666 0.14074074074074075 0.059895833333333336 0.1398148148148148
1 0.6317708333333333 0.7453703703703703 0.058333333333333334 0.12129629629629629
1 0.453125 0.08333333333333333 0.04739583333333333 0.1675925925925926
1 0.8927083333333333 0.5564814814814815 0.065625 0.07962962962962963
1 0.4109375 0.22962962962962963 0.11875 0.08703703703703704
1 0.7072916666666667 0.04722222222222222 0.07552083333333333 0.08055555555555556
1 0.390625 0.5268518518518519 0.10364583333333334 0.125
1 0.3541666666666667 0.7842592592592592 0.11354166666666667 0.08425925925925926
1 0.88125 0.7074074074074074 0.1015625 0.0824074074074074
1 0.9755208333333333 0.32037037037037036 0.0453125 0.12314814814814815
1 0.7489583333333333 0.39537037037037037 0.05677083333333333 0.05555555555555555
1 0.8286458333333333 0.046296296296296294 0.0484375 0.09259259259259259
1 0.5885416666666666 0.1037037037037037 0.0984375 0.05925925925925926
1 0.621875 0.34814814814814815 0.0421875 0.1685185185185185
1 0.9697916666666667 0.7462962962962963 0.058854166666666666 0.17685185185185184
1 0.9203125 0.03981481481481482 0.08802083333333334 0.07962962962962963
