1 0.8592592592592593 0.6828125 0.14074074074074075 0.06041666666666667
1 0.25462962962962965 0.6317708333333333 0.12222222222222222 0.058854166666666666
1 0.9157407407407407 0.45364583333333336 0.1675925925925926 0.04791666666666667
1 0.44351851851851853 0.8927083333333333 0.08055555555555556 0.06614583333333333
1 0.7703703703703704 0.4109375 0.08796296296296297 0.11927083333333334
1 0.9527777777777777 0.7078125 0.08148148148148149 0.07604166666666666
1 0.47314814814814815 0.39114583333333336 0.1259259259259259 0.10416666666666667
1 0.21574074074074073 0.3541666666666667 0.08518518518518518 0.1140625
1 0.29259259259259257 0.8817708333333333 0.08333333333333333 0.10208333333333333
1 0.6796296296296296 0.9760416666666667 0.12407407407407407 0.04583333333333333
1 0.6046296296296296 0.7494791666666667 0.05648148148148148 0.057291666666666664
1 0.9537037037037037 0.8291666666666667 0.09259259259259259 0.04895833333333333
1 0.8962962962962963 0.5890625 0.06018518518518518 0.09895833333333333
1 0.6518518518518519 0.6223958333333334 0.16944444444444445 0.042708333333333334
1 0.2537037037037037 0.9703125 0.17777777777777778 0.059375
1 0.9601851851851851 0.9208333333333333 0.07962962962962963 0.08854166666666667
