1 0.853515625 0.17708333333333334 0.07552083333333333 0.17592592592592593
1 0.7897135416666666 0.9282407407407407 0.07356770833333333 0.14351851851851852
1 0.5670572916666666 0.10532407407407407 0.059895833333333336 0.21064814814814814
1 0.513671875 0.28703703703703703 0.14908854166666666 0.1099537037037037
1 0.884765625 0.06018518518518518 0.09505208333333333 0.10185185185185185
1 0.4889322916666667 0.6597222222222222 0.13020833333333334 0.1574074074074074
1 0.4427083333333333 0.9641203703703703 0.142578125 0.07175925925925926
1 0.9368489583333334 0.49421296296296297 0.07161458333333333 0.07060185185185185
1 0.736328125 0.12962962962962962 0.12369791666666667 0.07523148148148148
1 0.7779947916666666 0.4351851851851852 0.053385416666666664 0.21180555555555555
