0 0.5166666666666667 0.7092592592592593 0.09479166666666666 0.0787037037037037
0 0.6171875 0.25555555555555554 0.05520833333333333 0.13333333333333333
1 0.8380208333333333 0.7509259259259259 0.0609375 0.10925925925925926
1 0.9651041666666667 0.4101851851851852 0.06354166666666666 0.10185185185185185
1 0.7286458333333333 0.774074074074074 0.0390625 0.10648148148148148
0 0.553125 0.5648148148148148 0.0515625 0.14722222222222223
1 0.8927083333333333 0.1685185185185185 0.0421875 0.16111111111111112
1 0.9270833333333334 0.06574074074074074 0.059895833333333336 0.13148148148148148
1 0.9 0.5342592592592592 0.046875 0.0787037037037037
1 0.971875 0.225 0.030729166666666665 0.1175925925925926
0 0.5572916666666666 0.11851851851851852 0.040625 0.14351851851851852
1 0.9390625 0.8416666666666667 0.04895833333333333 0.09444444444444444
1 0.8015625 0.05925925925925926 0.0625 0.09074074074074075
1 0.7734375 0.33796296296296297 0.0609375 0.09166666666666666
1 0.66875 0.5601851851851852 0.043229166666666666 0.13240740740740742
1 0.9854166666666667 0.8 0.027604166666666666 0.07314814814814814
