0 0.29074074074074074 0.5166666666666667 0.07962962962962963 0.0953125
0 0.7444444444444445 0.6171875 0.13425925925925927 0.05572916666666667
1 0.2490740740740741 0.8385416666666666 0.11018518518518519 0.06145833333333333
1 0.5898148148148148 0.9651041666666667 0.10277777777777777 0.0640625
1 0.22592592592592592 0.7291666666666666 0.10740740740740741 0.03958333333333333
0 0.4351851851851852 0.5536458333333333 0.14814814814814814 0.052083333333333336
1 0.8314814814814815 0.8932291666666666 0.16203703703703703 0.042708333333333334
1 0.9342592592592592 0.9276041666666667 0.13148148148148148 0.06041666666666667
1 0.46574074074074073 0.9 0.07962962962962963 0.04739583333333333
1 0.775 0.9723958333333333 0.11851851851851852 0.03125
0 0.8814814814814815 0.5572916666666666 0.14444444444444443 0.04114583333333333
1 0.15833333333333333 0.9390625 0.09537037037037037 0.049479166666666664
1 0.9407407407407408 0.8015625 0.09166666666666666 0.06302083333333333
1 0.6620370370370371 0.7739583333333333 0.09259259259259259 0.06145833333333333
1 0.4398148148148148 0.6692708333333334 0.13333333333333333 0.04375
1 0.2 0.9859375 0.07407407407407407 0.028125
