0 0.8765625 0.1638888888888889 0.075 0.14351851851851852
0 0.5822916666666667 0.2537037037037037 0.06197916666666667 0.1425925925925926
0 0.7322916666666667 0.25925925925925924 0.06510416666666667 0.12685185185185185
0 0.6734375 0.05555555555555555 0.06770833333333333 0.09907407407407408
1 0.4125 0.29259259259259257 0.034895833333333334 0.12407407407407407
0 0.9822916666666667 0.3814814814814815 0.033854166666666664 0.10740740740740741
1 0.3296875 0.06944444444444445 0.04114583333333333 0.04814814814814815
1 0.32135416666666666 0.24537037037037038 0.08125 0.08611111111111111
1 0.15677083333333333 0.1685185185185185 0.04791666666666667 0.08333333333333333
1 0.08385416666666666 0.26851851851851855 0.06822916666666666 0.046296296296296294
