0 0.8361111111111111 0.8765625 0.14444444444444443 0.07552083333333333
0 0.7462962962962963 0.5828125 0.14351851851851852 0.0625
0 0.7407407407407407 0.7328125 0.12777777777777777 0.065625
0 0.9444444444444444 0.6734375 0.1 0.06822916666666666
1 0.7074074074074074 0.41302083333333334 0.125 0.035416666666666666
0 0.6185185185185185 0.9828125 0.10833333333333334 0.034375
1 0.9305555555555556 0.3302083333333333 0.049074074074074076 0.041666666666666664
1 0.7546296296296297 0.32135416666666666 0.08703703703703704 0.08177083333333333
1 0.8314814814814815 0.15677083333333333 0.08425925925925926 0.0484375
1 0.7314814814814815 0.084375 0.04722222222222222 0.06875
