1 0.1574074074074074 0.1421875 0.0824074074074074 0.0765625
0 0.06296296296296296 0.9572916666666667 0.12314814814814815 0.08489583333333334
1 0.15833333333333333 0.7619791666666667 0.13796296296296295 0.049479166666666664
1 0.08611111111111111 0.20364583333333333 0.08981481481481482 0.04739583333333333
1 0.2064814814814815 0.3625 0.09907407407407408 0.030208333333333334
1 0.07777777777777778 0.42291666666666666 0.08981481481481482 0.043229166666666666
1 0.21388888888888888 0.25885416666666666 0.05925925925925926 0.0578125
1 0.2212962962962963 0.5828125 0.07777777777777778 0.05677083333333333
0 0.9074074074074074 0.8755208333333333 0.15 0.06979166666666667
1 0.1037037037037037 0.6140625 0.07592592592592592 0.04739583333333333
1 0.26851851851851855 0.4791666666666667 0.05648148148148148 0.059375
0 0.2490740740740741 0.890625 0.25555555555555554 0.06979166666666667
