1 0.1421875 0.8425925925925926 0.07604166666666666 0.08148148148148149
0 0.9572916666666667 0.937037037037037 0.084375 0.12222222222222222
1 0.7619791666666667 0.8416666666666667 0.04895833333333333 0.13703703703703704
1 0.20364583333333333 0.9138888888888889 0.046875 0.08888888888888889
1 0.3619791666666667 0.7935185185185185 0.0296875 0.09814814814814815
1 0.42291666666666666 0.9222222222222223 0.042708333333333334 0.08888888888888889
1 0.25885416666666666 0.7861111111111111 0.057291666666666664 0.058333333333333334
1 0.5828125 0.7787037037037037 0.05625 0.07685185185185185
0 0.875 0.09259259259259259 0.06927083333333334 0.14907407407407408
1 0.6140625 0.8962962962962963 0.046875 0.075
1 0.4786458333333333 0.7314814814814815 0.058854166666666666 0.05555555555555555
0 0.8901041666666667 0.7509259259259259 0.06927083333333334 0.25462962962962965
