1 0.484375 0.22407407407407406 0.03854166666666667 0.09444444444444444
1 0.7807291666666667 0.5314814814814814 0.04114583333333333 0.09444444444444444
1 0.8541666666666666 0.8333333333333334 0.07239583333333334 0.05925925925925926
1 0.6317708333333333 0.6824074074074075 0.0625 0.06388888888888888
1 0.5135416666666667 0.7018518518518518 0.023958333333333335 0.10092592592592593
1 0.5463541666666667 0.5898148148148148 0.0453125 0.0712962962962963
1 0.5052083333333334 0.0712962962962963 0.04479166666666667 0.046296296296296294
1 0.4859375 0.5351851851851852 0.0171875 0.09444444444444444
1 0.5151041666666667 0.9055555555555556 0.05520833333333333 0.05185185185185185
1 0.7375 0.2898148148148148 0.0359375 0.08611111111111111
0 0.024479166666666666 0.4981481481481482 0.04895833333333333 0.125
1 0.08802083333333334 0.0962962962962963 0.0359375 0.0962962962962963
1 0.81875 0.6759259259259259 0.042708333333333334 0.08333333333333333
1 0.6661458333333333 0.47129629629629627 0.030208333333333334 0.06851851851851852
0 0.013020833333333334 0.662962962962963 0.026041666666666668 0.08981481481481482
1 0.625 0.12222222222222222 0.040625 0.07314814814814814
1 0.5895833333333333 0.9527777777777777 0.0265625 0.0824074074074074
1 0.546875 0.2759259259259259 0.051041666666666666 0.044444444444444446
1 0.5510416666666667 0.06851851851851852 0.035416666666666666 0.05648148148148148
1 0.4765625 0.37222222222222223 0.044270833333333336 0.044444444444444446
1 0.8255208333333334 0.3037037037037037 0.033854166666666664 0.12407407407407407
1 0.6864583333333333 0.10092592592592593 0.022916666666666665 0.07407407407407407
1 0.8546875 0.1648148148148148 0.078125 0.04351851851851852
1 0.7145833333333333 0.9694444444444444 0.014583333333333334 0.05462962962962963
