1 0.60546875 0.2800925925925926 0.048828125 0.11921296296296297
1 0.9752604166666666 0.6643518518518519 0.049479166666666664 0.11921296296296297
1 0.7897135416666666 0.8541666666666666 0.07877604166666667 0.08101851851851852
1 0.6419270833333334 0.8784722222222222 0.030598958333333332 0.12731481481481483
1 0.68359375 0.7384259259259259 0.057291666666666664 0.09027777777777778
1 0.6315104166666666 0.08912037037037036 0.056640625 0.059027777777777776
1 0.6080729166666666 0.6689814814814815 0.022135416666666668 0.11921296296296297
1 0.9225260416666666 0.36342592592592593 0.045572916666666664 0.1087962962962963
0 0.030598958333333332 0.6238425925925926 0.061848958333333336 0.1574074074074074
1 0.11067708333333333 0.12037037037037036 0.045572916666666664 0.12152777777777778
1 0.998046875 0.8449074074074074 0.0032552083333333335 0.10532407407407407
1 0.8326822916666666 0.5891203703703703 0.038411458333333336 0.08680555555555555
0 0.016276041666666668 0.8298611111111112 0.033203125 0.11342592592592593
1 0.78125 0.15393518518518517 0.051432291666666664 0.09259259259259259
1 0.68359375 0.3449074074074074 0.064453125 0.056712962962962965
1 0.6888020833333334 0.08680555555555555 0.044921875 0.07175925925925926
1 0.5963541666666666 0.4652777777777778 0.055989583333333336 0.056712962962962965
1 0.8580729166666666 0.1261574074074074 0.029296875 0.09375
