1 0.7759259259259259 0.484375 0.09537037037037037 0.0390625
1 0.4685185185185185 0.78125 0.09537037037037037 0.041666666666666664
1 0.16666666666666666 0.8546875 0.06018518518518518 0.07291666666666667
1 0.3175925925925926 0.6317708333333333 0.06481481481481481 0.06302083333333333
1 0.29814814814814816 0.5135416666666667 0.10185185185185185 0.024479166666666666
1 0.4101851851851852 0.546875 0.07222222222222222 0.04583333333333333
1 0.9287037037037037 0.5052083333333334 0.04722222222222222 0.0453125
1 0.4648148148148148 0.4864583333333333 0.09537037037037037 0.017708333333333333
1 0.09444444444444444 0.5151041666666667 0.05277777777777778 0.05572916666666667
1 0.7101851851851851 0.7380208333333333 0.08703703703703704 0.036458333333333336
0 0.5018518518518519 0.024479166666666666 0.1259259259259259 0.049479166666666664
1 0.9037037037037037 0.08854166666666667 0.09722222222222222 0.036458333333333336
1 0.32407407407407407 0.81875 0.08425925925925926 0.043229166666666666
1 0.5287037037037037 0.6661458333333333 0.06944444444444445 0.030729166666666665
0 0.337037037037037 0.013020833333333334 0.09074074074074075 0.0265625
1 0.8777777777777778 0.625 0.07407407407407407 0.04114583333333333
1 0.04722222222222222 0.5901041666666667 0.08333333333333333 0.027083333333333334
1 0.7240740740740741 0.546875 0.04537037037037037 0.0515625
1 0.9314814814814815 0.5510416666666667 0.05740740740740741 0.0359375
1 0.6277777777777778 0.47708333333333336 0.04537037037037037 0.04479166666666667
1 0.6962962962962963 0.8260416666666667 0.125 0.034375
1 0.899074074074074 0.6864583333333333 0.075 0.0234375
1 0.8351851851851851 0.8546875 0.044444444444444446 0.07864583333333333
1 0.030555555555555555 0.7145833333333333 0.05555555555555555 0.015104166666666667
