1 0.7880208333333333 0.9472222222222222 0.059375 0.06666666666666667
1 0.503125 0.7203703703703703 0.052083333333333336 0.0787037037037037
1 0.565625 0.31203703703703706 0.04635416666666667 0.07685185185185185
1 0.4473958333333333 0.39537037037037037 0.04114583333333333 0.08148148148148149
1 0.5859375 0.8018518518518518 0.04895833333333333 0.06388888888888888
1 0.7145833333333333 0.6703703703703704 0.040625 0.10092592592592593
1 0.7546875 0.8037037037037037 0.046875 0.08703703703703704
1 0.4453125 0.5277777777777778 0.042708333333333334 0.037037037037037035
1 0.7677083333333333 0.3398148148148148 0.06822916666666666 0.07685185185185185
1 0.671875 0.45925925925925926 0.0328125 0.08148148148148149
1 0.48020833333333335 0.837037037037037 0.019270833333333334 0.08981481481481482
0 0.7489583333333333 0.14722222222222223 0.0703125 0.11296296296296296
1 0.7447916666666666 0.4666666666666667 0.0265625 0.11851851851851852
0 0.022916666666666665 0.024074074074074074 0.04583333333333333 0.04814814814814815
1 0.453125 0.6768518518518518 0.0171875 0.08148148148148149
1 0.5057291666666667 0.46574074074074073 0.043229166666666666 0.040740740740740744
1 0.5546875 0.0824074074074074 0.03802083333333333 0.06388888888888888
1 0.09427083333333333 0.19537037037037036 0.026041666666666668 0.09351851851851851
1 0.6109375 0.6268518518518519 0.028125 0.07407407407407407
0 0.015104166666666667 0.7305555555555555 0.030729166666666665 0.09074074074074075
1 0.6260416666666667 0.2953703703703704 0.023958333333333335 0.08703703703703704
0 0.5859375 0.022222222222222223 0.044270833333333336 0.04351851851851852
1 0.46197916666666666 0.25925925925925924 0.03697916666666667 0.049074074074074076
1 0.4734375 0.03425925925925926 0.0546875 0.06759259259259259
1 0.6442708333333333 0.07407407407407407 0.0453125 0.10648148148148148
0 0.6614583333333334 0.022222222222222223 0.030208333333333334 0.044444444444444446
