1 0.62890625 0.9016203703703703 0.06575520833333333 0.09953703703703703
1 0.7076822916666666 0.3912037037037037 0.05859375 0.09722222222222222
1 0.5598958333333334 0.49421296296296297 0.052083333333333336 0.10300925925925926
1 0.732421875 0.9814814814814815 0.061848958333333336 0.037037037037037035
1 0.8932291666666666 0.8391203703703703 0.051432291666666664 0.12731481481481483
1 0.943359375 0.9745370370370371 0.059244791666666664 0.04976851851851852
1 0.556640625 0.6597222222222222 0.054036458333333336 0.047453703703703706
1 0.9583333333333334 0.42592592592592593 0.08268229166666667 0.09722222222222222
1 0.8404947916666666 0.5740740740740741 0.041666666666666664 0.10300925925925926
1 0.6009114583333334 0.9953703703703703 0.024739583333333332 0.009259259259259259
0 0.9368489583333334 0.1840277777777778 0.08854166666666667 0.1423611111111111
1 0.931640625 0.5833333333333334 0.033854166666666664 0.14930555555555555
0 0.028645833333333332 0.03009259259259259 0.057942708333333336 0.061342592592592594
1 0.5670572916666666 0.8460648148148148 0.022135416666666668 0.10300925925925926
1 0.6328125 0.5821759259259259 0.0546875 0.052083333333333336
1 0.6940104166666666 0.10416666666666667 0.048177083333333336 0.08101851851851852
1 0.11783854166666667 0.24537037037037038 0.033203125 0.11805555555555555
1 0.763671875 0.7835648148148148 0.035807291666666664 0.09375
0 0.01953125 0.9131944444444444 0.0390625 0.11458333333333333
1 0.7825520833333334 0.36921296296296297 0.030598958333333332 0.1099537037037037
0 0.7330729166666666 0.028935185185185185 0.055989583333333336 0.05555555555555555
1 0.578125 0.32523148148148145 0.046875 0.0625
1 0.5924479166666666 0.04398148148148148 0.06901041666666667 0.08564814814814815
1 0.8059895833333334 0.09375 0.057291666666666664 0.13425925925925927
0 0.8268229166666666 0.027777777777777776 0.038411458333333336 0.056712962962962965
