1 0.05277777777777778 0.7880208333333333 0.06759259259259259 0.059895833333333336
1 0.2796296296296296 0.503125 0.07962962962962963 0.05260416666666667
1 0.687962962962963 0.5661458333333333 0.07777777777777778 0.046875
1 0.6046296296296296 0.4479166666666667 0.0824074074074074 0.041666666666666664
1 0.19814814814814816 0.5859375 0.06481481481481481 0.049479166666666664
1 0.3296296296296296 0.7145833333333333 0.10185185185185185 0.04114583333333333
1 0.1962962962962963 0.7546875 0.08796296296296297 0.04739583333333333
1 0.4722222222222222 0.4453125 0.03796296296296296 0.043229166666666666
1 0.6601851851851852 0.7682291666666666 0.07777777777777778 0.06875
1 0.5407407407407407 0.6723958333333333 0.0824074074074074 0.03333333333333333
1 0.16296296296296298 0.48072916666666665 0.09074074074074075 0.019791666666666666
0 0.8527777777777777 0.7494791666666667 0.11388888888888889 0.07083333333333333
1 0.5333333333333333 0.7453125 0.11944444444444445 0.027083333333333334
0 0.975925925925926 0.022916666666666665 0.04814814814814815 0.04635416666666667
1 0.32314814814814813 0.45364583333333336 0.0824074074074074 0.017708333333333333
1 0.5342592592592592 0.50625 0.041666666666666664 0.04375
1 0.9175925925925926 0.5552083333333333 0.06481481481481481 0.03854166666666667
1 0.8046296296296296 0.09427083333333333 0.09444444444444444 0.0265625
1 0.3731481481481482 0.6109375 0.075 0.028645833333333332
0 0.26944444444444443 0.015625 0.09166666666666666 0.03125
1 0.7046296296296296 0.6260416666666667 0.08796296296296297 0.024479166666666666
0 0.9777777777777777 0.5864583333333333 0.044444444444444446 0.04479166666666667
1 0.7407407407407407 0.4625 0.05 0.0375
1 0.9657407407407408 0.4739583333333333 0.06851851851851852 0.05520833333333333
1 0.9259259259259259 0.6447916666666667 0.10740740740740741 0.04583333333333333
0 0.9777777777777777 0.6614583333333334 0.044444444444444446 0.030729166666666665
