0 0.2640625 0.7824074074074074 0.11354166666666667 0.22037037037037038
1 0.9177083333333333 0.34074074074074073 0.0609375 0.1175925925925926
1 0.93125 0.1537037037037037 0.05572916666666667 0.06666666666666667
1 0.9276041666666667 0.5083333333333333 0.06145833333333333 0.04814814814814815
0 0.084375 0.049074074074074076 0.059895833333333336 0.09814814814814815
1 0.9229166666666667 0.7694444444444445 0.042708333333333334 0.1287037037037037
1 0.1453125 0.375 0.090625 0.22592592592592592
1 0.03125 0.2537037037037037 0.0546875 0.1527777777777778
1 0.2015625 0.04814814814814815 0.08020833333333334 0.075
1 0.9739583333333334 0.4666666666666667 0.051041666666666666 0.03333333333333333
1 0.978125 0.8518518518518519 0.042708333333333334 0.05185185185185185
1 0.9635416666666666 0.9648148148148148 0.0359375 0.06574074074074074
