0 0.2175925925925926 0.2640625 0.2212962962962963 0.1140625
1 0.6592592592592592 0.9182291666666667 0.11851851851851852 0.06145833333333333
1 0.8462962962962963 0.9317708333333333 0.06759259259259259 0.05625
1 0.49166666666666664 0.9276041666666667 0.049074074074074076 0.06197916666666667
0 0.950925925925926 0.08489583333333334 0.09814814814814815 0.06041666666666667
1 0.23055555555555557 0.9229166666666667 0.12962962962962962 0.043229166666666666
1 0.625 0.1453125 0.22685185185185186 0.09114583333333333
1 0.7462962962962963 0.03177083333333333 0.1537037037037037 0.05520833333333333
1 0.9518518518518518 0.2015625 0.07592592592592592 0.08072916666666667
1 0.5333333333333333 0.9739583333333334 0.03425925925925926 0.0515625
1 0.14814814814814814 0.978125 0.05277777777777778 0.043229166666666666
1 0.03518518518518519 0.9640625 0.06666666666666667 0.036458333333333336
