1 0.049074074074074076 0.1546875 0.06296296296296296 0.06458333333333334
0 0.09259259259259259 0.4166666666666667 0.08518518518518518 0.06145833333333333
0 0.049074074074074076 0.2671875 0.09444444444444444 0.050520833333333334
0 0.1175925925925926 0.3255208333333333 0.14074074074074075 0.06145833333333333
1 0.9564814814814815 0.4901041666666667 0.06666666666666667 0.04895833333333333
1 0.7342592592592593 0.09739583333333333 0.09074074074074075 0.050520833333333334
1 0.8527777777777777 0.022395833333333334 0.11574074074074074 0.036458333333333336
1 0.11018518518518519 0.028645833333333332 0.09074074074074075 0.03229166666666667
1 0.9138888888888889 0.20104166666666667 0.09444444444444444 0.0296875
1 0.9601851851851851 0.121875 0.0787037037037037 0.030208333333333334
1 0.6833333333333333 0.0125 0.07685185185185185 0.025520833333333333
1 0.6342592592592593 0.3609375 0.06759259259259259 0.041666666666666664
1 0.04351851851851852 0.5328125 0.08611111111111111 0.034375
1 0.6685185185185185 0.47552083333333334 0.053703703703703705 0.059895833333333336
1 0.9083333333333333 0.7953125 0.09444444444444444 0.0796875
0 0.12685185185185185 0.6895833333333333 0.10925925925925926 0.07239583333333334
1 0.7657407407407407 0.6369791666666667 0.1037037037037037 0.0578125
1 0.7175925925925926 0.18645833333333334 0.05 0.049479166666666664
1 0.9407407407407408 0.5854166666666667 0.04351851851851852 0.030729166666666665
1 0.7 0.7953125 0.06481481481481481 0.06302083333333333
1 0.912962962962963 0.3265625 0.06666666666666667 0.05260416666666667
1 0.6055555555555555 0.20833333333333334 0.05925925925925926 0.03229166666666667
1 0.8712962962962963 0.6791666666666667 0.10462962962962963 0.026041666666666668
1 0.8342592592592593 0.2953125 0.05462962962962963 0.0734375
1 0.5962962962962963 0.5692708333333333 0.07685185185185185 0.0578125
1 0.8351851851851851 0.4895833333333333 0.062037037037037036 0.04739583333333333
1 0.9768518518518519 0.7432291666666667 0.04537037037037037 0.026041666666666668
1 0.7574074074074074 0.26979166666666665 0.09259259259259259 0.053125
1 0.8185185185185185 0.41041666666666665 0.06481481481481481 0.044270833333333336
1 0.6314814814814815 0.6260416666666667 0.07037037037037037 0.050520833333333334
1 0.8185185185185185 0.771875 0.07777777777777778 0.05625
