1 0.15416666666666667 0.950925925925926 0.0640625 0.062037037037037036
0 0.4161458333333333 0.9074074074074074 0.0609375 0.08425925925925926
0 0.2671875 0.950925925925926 0.05 0.09351851851851851
0 0.325 0.8824074074074074 0.0609375 0.1398148148148148
1 0.4895833333333333 0.04351851851851852 0.0484375 0.06574074074074074
1 0.09739583333333333 0.2657407407407407 0.05 0.08981481481481482
1 0.021875 0.14722222222222223 0.0359375 0.11481481481481481
1 0.028125 0.8898148148148148 0.03177083333333333 0.08981481481481482
1 0.20104166666666667 0.08611111111111111 0.029166666666666667 0.09351851851851851
1 0.12135416666666667 0.03888888888888889 0.0296875 0.0787037037037037
1 0.0125 0.31666666666666665 0.025 0.07592592592592592
1 0.36041666666666666 0.36574074074074076 0.04114583333333333 0.06666666666666667
1 0.5322916666666667 0.9564814814814815 0.033854166666666664 0.08518518518518518
1 0.47552083333333334 0.3314814814814815 0.059375 0.05277777777777778
1 0.7953125 0.09166666666666666 0.07916666666666666 0.09351851851851851
0 0.6895833333333333 0.8731481481481481 0.071875 0.10833333333333334
1 0.6369791666666667 0.23425925925925925 0.057291666666666664 0.10277777777777777
1 0.18645833333333334 0.2824074074074074 0.04895833333333333 0.049074074074074076
1 0.5854166666666667 0.05925925925925926 0.030208333333333334 0.04259259259259259
1 0.7953125 0.3 0.0625 0.06388888888888888
1 0.3265625 0.08703703703703704 0.052083333333333336 0.06574074074074074
1 0.2078125 0.39444444444444443 0.03177083333333333 0.058333333333333334
1 0.6786458333333333 0.1287037037037037 0.025520833333333333 0.1037037037037037
1 0.2953125 0.16574074074074074 0.07291666666666667 0.053703703703703705
1 0.5692708333333333 0.40370370370370373 0.057291666666666664 0.07592592592592592
1 0.4895833333333333 0.1648148148148148 0.046875 0.06111111111111111
1 0.7427083333333333 0.023148148148148147 0.025520833333333333 0.044444444444444446
1 0.26927083333333335 0.24259259259259258 0.05260416666666667 0.09166666666666666
1 0.41041666666666665 0.1814814814814815 0.04375 0.06388888888888888
1 0.6260416666666667 0.3685185185185185 0.05 0.06944444444444445
1 0.7713541666666667 0.1814814814814815 0.05572916666666667 0.07685185185185185
