1 0.6126302083333334 0.05555555555555555 0.061197916666666664 0.08333333333333333
1 0.12174479166666667 0.3333333333333333 0.06315104166666667 0.11342592592592593
1 0.027994791666666668 0.1840277777777778 0.045572916666666664 0.14467592592592593
1 0.2513020833333333 0.1087962962962963 0.037109375 0.11805555555555555
1 0.15234375 0.04976851851851852 0.037760416666666664 0.09953703703703703
1 0.015625 0.3958333333333333 0.031901041666666664 0.09606481481481481
1 0.451171875 0.45717592592592593 0.052083333333333336 0.08449074074074074
1 0.5944010416666666 0.41550925925925924 0.07486979166666667 0.06712962962962964
1 0.9720052083333334 0.11574074074074074 0.055338541666666664 0.11805555555555555
1 0.7962239583333334 0.29398148148148145 0.072265625 0.12962962962962962
1 0.23307291666666666 0.3541666666666667 0.061848958333333336 0.0625
1 0.7317708333333334 0.07407407407407407 0.038411458333333336 0.05439814814814815
1 0.9772135416666666 0.3761574074074074 0.044921875 0.08101851851851852
1 0.408203125 0.1099537037037037 0.06575520833333333 0.08333333333333333
1 0.2604166666666667 0.49421296296296297 0.040364583333333336 0.07407407407407407
1 0.8489583333333334 0.16087962962962962 0.032552083333333336 0.13078703703703703
1 0.369140625 0.20717592592592593 0.091796875 0.06828703703703703
1 0.7115885416666666 0.5046296296296297 0.072265625 0.09606481481481481
1 0.6119791666666666 0.20601851851851852 0.059244791666666664 0.0775462962962963
1 0.9290364583333334 0.028935185185185185 0.032552083333333336 0.056712962962962965
1 0.3372395833333333 0.30439814814814814 0.06640625 0.11574074074074074
1 0.5130208333333334 0.22800925925925927 0.055338541666666664 0.08101851851851852
1 0.7825520833333334 0.4618055555555556 0.06315104166666667 0.08796296296296297
1 0.96484375 0.22800925925925927 0.0703125 0.09722222222222222
