1 0.1328125 0.7148148148148148 0.050520833333333334 0.09537037037037037
1 0.8442708333333333 0.5083333333333333 0.07135416666666666 0.1111111111111111
1 0.5802083333333333 0.36203703703703705 0.033854166666666664 0.1361111111111111
1 0.5890625 0.7796296296296297 0.07291666666666667 0.07592592592592592
1 0.7989583333333333 0.13148148148148148 0.059895833333333336 0.09166666666666666
1 0.875 0.9268518518518518 0.0296875 0.14351851851851852
1 0.64375 0.5462962962962963 0.03802083333333333 0.13333333333333333
1 0.8776041666666666 0.6962962962962963 0.06197916666666667 0.07314814814814814
1 0.6791666666666667 0.46111111111111114 0.06666666666666667 0.06481481481481481
1 0.5744791666666667 0.19444444444444445 0.057291666666666664 0.1
1 0.7625 0.6657407407407407 0.07916666666666666 0.08148148148148149
1 0.1171875 0.3527777777777778 0.036458333333333336 0.15092592592592594
1 0.5416666666666666 0.5944444444444444 0.027604166666666666 0.11203703703703703
1 0.7020833333333333 0.03518518518518519 0.07083333333333333 0.07037037037037037
1 0.909375 0.2675925925925926 0.04479166666666667 0.07037037037037037
1 0.8463541666666666 0.32037037037037036 0.04739583333333333 0.1111111111111111
1 0.7067708333333333 0.29259259259259257 0.0609375 0.06296296296296296
1 0.7375 0.8074074074074075 0.0875 0.10648148148148148
1 0.7484375 0.08611111111111111 0.025520833333333333 0.1398148148148148
1 0.1515625 0.19722222222222222 0.10104166666666667 0.08611111111111111
