1 0.2851851851851852 0.13333333333333333 0.0962962962962963 0.051041666666666666
1 0.49166666666666664 0.8447916666666667 0.11203703703703703 0.071875
1 0.637962962962963 0.5807291666666666 0.13703703703703704 0.034375
1 0.22037037037037038 0.5890625 0.07685185185185185 0.0734375
1 0.8685185185185185 0.7994791666666666 0.09259259259259259 0.06041666666666667
1 0.07314814814814814 0.8755208333333333 0.14444444444444443 0.030208333333333334
1 0.4537037037037037 0.6442708333333333 0.13425925925925927 0.03854166666666667
1 0.3037037037037037 0.878125 0.07407407407407407 0.0625
1 0.5388888888888889 0.6791666666666667 0.06574074074074074 0.0671875
1 0.8055555555555556 0.5744791666666667 0.10092592592592593 0.0578125
1 0.33425925925925926 0.7625 0.0824074074074074 0.0796875
1 0.6472222222222223 0.1171875 0.15185185185185185 0.03697916666666667
1 0.40555555555555556 0.5421875 0.11296296296296296 0.028125
1 0.9648148148148148 0.7020833333333333 0.07037037037037037 0.07135416666666666
1 0.7324074074074074 0.909375 0.0712962962962963 0.0453125
1 0.6796296296296296 0.846875 0.11203703703703703 0.04791666666666667
1 0.7074074074074074 0.7072916666666667 0.06388888888888888 0.06145833333333333
1 0.1925925925925926 0.7375 0.10740740740740741 0.08802083333333334
1 0.9138888888888889 0.7489583333333333 0.14074074074074075 0.026041666666666668
1 0.8027777777777778 0.1515625 0.08703703703703704 0.1015625
