1 0.16666666666666666 0.8946759259259259 0.06380208333333333 0.12037037037037036
1 0.7259114583333334 0.4537037037037037 0.04296875 0.1712962962962963
1 0.736328125 0.9629629629629629 0.091796875 0.07291666666666667
1 0.98046875 0.16550925925925927 0.038411458333333336 0.11574074074074074
1 0.8053385416666666 0.6828703703703703 0.048177083333333336 0.16782407407407407
1 0.8489583333333334 0.5763888888888888 0.083984375 0.08217592592592593
1 0.7180989583333334 0.24305555555555555 0.072265625 0.1261574074074074
1 0.9518229166666666 0.8321759259259259 0.09635416666666667 0.10300925925925926
1 0.146484375 0.44212962962962965 0.046223958333333336 0.18981481481481483
1 0.677734375 0.7442129629629629 0.03515625 0.1412037037037037
1 0.8776041666666666 0.04398148148148148 0.08919270833333333 0.08912037037037036
1 0.8841145833333334 0.36574074074074076 0.07682291666666667 0.0798611111111111
1 0.921875 0.9710648148148148 0.11002604166666667 0.056712962962962965
1 0.9361979166666666 0.1087962962962963 0.032552083333333336 0.17592592592592593
1 0.189453125 0.24768518518518517 0.126953125 0.1087962962962963
