1 0.26927083333333335 0.06666666666666667 0.07916666666666666 0.08796296296296297
1 0.4484375 0.2 0.07604166666666666 0.1111111111111111
1 0.6854166666666667 0.5287037037037037 0.046875 0.14722222222222223
1 0.19791666666666666 0.24814814814814815 0.103125 0.1
1 0.7453125 0.11851851851851852 0.058333333333333334 0.09814814814814815
1 0.978125 0.45925925925925926 0.040625 0.14814814814814814
1 0.8192708333333333 0.5259259259259259 0.030729166666666665 0.12962962962962962
1 0.36770833333333336 0.46111111111111114 0.1484375 0.10925925925925926
1 0.5703125 0.3388888888888889 0.11354166666666667 0.08148148148148149
1 0.15572916666666667 0.5185185185185185 0.1109375 0.12129629629629629
1 0.5739583333333333 0.05648148148148148 0.05260416666666667 0.11296296296296296
1 0.5515625 0.49722222222222223 0.044270833333333336 0.1287037037037037
1 0.8609375 0.11388888888888889 0.046875 0.09166666666666666
1 0.7536458333333333 0.34814814814814815 0.04791666666666667 0.08981481481481482
