1 0.9333333333333333 0.26927083333333335 0.08888888888888889 0.0796875
1 0.8 0.4484375 0.11203703703703703 0.0765625
1 0.47129629629629627 0.6854166666666667 0.14814814814814814 0.04739583333333333
1 0.7518518518518519 0.19791666666666666 0.10092592592592593 0.10364583333333334
1 0.8814814814814815 0.7453125 0.09907407407407408 0.058854166666666666
1 0.5407407407407407 0.978125 0.14907407407407408 0.04114583333333333
1 0.4740740740740741 0.8197916666666667 0.13055555555555556 0.03125
1 0.5388888888888889 0.36822916666666666 0.11018518518518519 0.14895833333333333
1 0.6611111111111111 0.5703125 0.0824074074074074 0.1140625
1 0.48148148148148145 0.15625 0.12222222222222222 0.11145833333333334
1 0.9435185185185185 0.5744791666666667 0.11296296296296296 0.053125
1 0.5027777777777778 0.5520833333333334 0.12962962962962962 0.04479166666666667
1 0.8861111111111111 0.8609375 0.09259259259259259 0.04739583333333333
1 0.6518518518518519 0.7536458333333333 0.09074074074074075 0.0484375
