1 0.3365885416666667 0.08449074074074074 0.099609375 0.1111111111111111
1 0.560546875 0.25 0.095703125 0.1400462962962963
1 0.8567708333333334 0.6620370370370371 0.059244791666666664 0.18518518518518517
1 0.24739583333333334 0.3101851851851852 0.12955729166666666 0.1261574074074074
1 0.931640625 0.14814814814814814 0.07356770833333333 0.12384259259259259
1 0.4602864583333333 0.5763888888888888 0.18619791666666666 0.13773148148148148
1 0.712890625 0.4236111111111111 0.142578125 0.10300925925925926
1 0.1953125 0.6493055555555556 0.13932291666666666 0.1527777777777778
1 0.7180989583333334 0.07060185185185185 0.06640625 0.1423611111111111
1 0.6901041666666666 0.6226851851851852 0.055989583333333336 0.16203703703703703
1 0.9420572916666666 0.4363425925925926 0.060546875 0.11342592592592593
