0 0.9027777777777778 0.49375 0.11666666666666667 0.0671875
0 0.23796296296296296 0.6765625 0.2101851851851852 0.10260416666666666
1 0.6546296296296297 0.47552083333333334 0.12037037037037036 0.04114583333333333
0 0.5212962962962963 0.7791666666666667 0.11851851851851852 0.05572916666666667
0 0.10277777777777777 0.4473958333333333 0.07592592592592592 0.036458333333333336
1 0.37592592592592594 0.44114583333333335 0.07222222222222222 0.065625
1 0.287962962962963 0.0390625 0.09074074074074075 0.06979166666666667
1 0.7453703703703703 0.0921875 0.08333333333333333 0.0453125
0 0.9648148148148148 0.6942708333333333 0.07037037037037037 0.0578125
1 0.85 0.7817708333333333 0.14074074074074075 0.028645833333333332
1 0.05555555555555555 0.019791666666666666 0.11018518518518519 0.03229166666666667
1 0.8185185185185185 0.6229166666666667 0.08611111111111111 0.08489583333333334
1 0.6787037037037037 0.013541666666666667 0.1259259259259259 0.0265625
1 0.4675925925925926 0.022395833333333334 0.0824074074074074 0.0453125
