0 0.6171875 0.12268518518518519 0.083984375 0.14583333333333334
0 0.845703125 0.9108796296296297 0.12825520833333334 0.17824074074074073
1 0.5944010416666666 0.43287037037037035 0.051432291666666664 0.15046296296296297
0 0.9694010416666666 0.5995370370370371 0.060546875 0.14814814814814814
1 0.5514322916666666 0.78125 0.08203125 0.09027777777777778
1 0.048828125 0.8912037037037037 0.08723958333333333 0.11342592592592593
1 0.115234375 0.3194444444444444 0.056640625 0.10416666666666667
0 0.8678385416666666 0.04398148148148148 0.072265625 0.08912037037037036
1 0.9772135416666666 0.1886574074074074 0.035807291666666664 0.17592592592592593
1 0.7786458333333334 0.22685185185185186 0.10611979166666667 0.1076388888888889
1 0.016927083333333332 0.4027777777777778 0.033203125 0.1574074074074074
1 0.027994791666666668 0.6655092592592593 0.056640625 0.10300925925925926
