0 0.49375 0.09722222222222222 0.06666666666666667 0.11574074074074074
0 0.6765625 0.7620370370370371 0.10208333333333333 0.20925925925925926
1 0.47552083333333334 0.3453703703703704 0.040625 0.11944444444444445
0 0.7791666666666667 0.4787037037037037 0.05520833333333333 0.1175925925925926
0 0.446875 0.8972222222222223 0.0359375 0.075
1 0.440625 0.6240740740740741 0.06510416666666667 0.0712962962962963
1 0.03854166666666667 0.712037037037037 0.06927083333333334 0.08981481481481482
1 0.0921875 0.25462962962962965 0.04479166666666667 0.0824074074074074
0 0.6942708333333333 0.03518518518518519 0.057291666666666664 0.07037037037037037
1 0.7817708333333333 0.15 0.028125 0.1398148148148148
1 0.019270833333333334 0.9444444444444444 0.03177083333333333 0.10925925925925926
1 0.6229166666666667 0.1814814814814815 0.084375 0.08518518518518518
1 0.013541666666666667 0.3212962962962963 0.026041666666666668 0.125
1 0.022395833333333334 0.5324074074074074 0.04479166666666667 0.08148148148148149
