1 0.7828125 0.9740740740740741 0.06822916666666666 0.040740740740740744
1 0.6 0.9601851851851851 0.049479166666666664 0.07592592592592592
0 0.12083333333333333 0.9055555555555556 0.05 0.0787037037037037
1 0.35052083333333334 0.9407407407407408 0.042708333333333334 0.11481481481481481
1 0.275 0.037037037037037035 0.06510416666666667 0.05925925925925926
1 0.3307291666666667 0.32037037037037036 0.04010416666666667 0.06296296296296296
1 0.07552083333333333 0.05462962962962963 0.03958333333333333 0.06851851851851852
1 0.5541666666666667 0.04259259259259259 0.03125 0.08611111111111111
1 0.084375 0.18425925925925926 0.05625 0.06759259259259259
1 0.5276041666666667 0.36574074074074076 0.052083333333333336 0.040740740740740744
1 0.41354166666666664 0.31574074074074077 0.058854166666666666 0.03888888888888889
1 0.2453125 0.11666666666666667 0.030729166666666665 0.07407407407407407
1 0.45677083333333335 0.15833333333333333 0.025520833333333333 0.10092592592592593
1 0.1328125 0.30185185185185187 0.025 0.10185185185185185
1 0.15677083333333333 0.03425925925925926 0.0375 0.05925925925925926
1 0.375 0.10740740740740741 0.025 0.08425925925925926
1 0.6244791666666667 0.06018518518518518 0.058333333333333334 0.11388888888888889
1 0.6140625 0.2851851851851852 0.04114583333333333 0.1111111111111111
1 0.2375 0.27037037037037037 0.0234375 0.10185185185185185
1 0.496875 0.20833333333333334 0.06875 0.03981481481481482
1 0.43020833333333336 0.9898148148148148 0.07135416666666666 0.020370370370370372
