1 0.3444010416666667 0.046296296296296294 0.08203125 0.07523148148148148
1 0.4140625 0.40046296296296297 0.05078125 0.0798611111111111
1 0.09440104166666667 0.06828703703703703 0.050130208333333336 0.08680555555555555
1 0.6927083333333334 0.05439814814814815 0.039713541666666664 0.1087962962962963
1 0.10546875 0.23148148148148148 0.07096354166666667 0.08564814814814815
1 0.6595052083333334 0.45717592592592593 0.06575520833333333 0.052083333333333336
1 0.517578125 0.39467592592592593 0.07421875 0.04976851851851852
1 0.3072916666666667 0.14583333333333334 0.0390625 0.09375
1 0.5716145833333334 0.19907407407407407 0.032552083333333336 0.12731481481481483
1 0.166015625 0.3773148148148148 0.031901041666666664 0.1284722222222222
1 0.19596354166666666 0.04282407407407408 0.047526041666666664 0.07523148148148148
1 0.46875 0.13541666666666666 0.031901041666666664 0.10648148148148148
1 0.7805989583333334 0.0763888888888889 0.07356770833333333 0.14351851851851852
1 0.7682291666666666 0.35648148148148145 0.052083333333333336 0.1400462962962963
1 0.2975260416666667 0.33796296296296297 0.029947916666666668 0.1284722222222222
1 0.62109375 0.26157407407407407 0.08658854166666667 0.05092592592592592
