1 0.025925925925925925 0.7833333333333333 0.041666666666666664 0.06875
1 0.03981481481481482 0.6005208333333333 0.07685185185185185 0.05
0 0.09444444444444444 0.12083333333333333 0.07962962962962963 0.050520833333333334
1 0.05925925925925926 0.35052083333333334 0.11574074074074074 0.043229166666666666
1 0.9629629629629629 0.2755208333333333 0.06018518518518518 0.065625
1 0.6796296296296296 0.33125 0.06388888888888888 0.040625
1 0.9453703703703704 0.07552083333333333 0.06944444444444445 0.04010416666666667
1 0.9564814814814815 0.5541666666666667 0.08611111111111111 0.03177083333333333
1 0.8157407407407408 0.084375 0.06851851851851852 0.05677083333333333
1 0.6342592592592593 0.5276041666666667 0.041666666666666664 0.05260416666666667
1 0.6842592592592592 0.4140625 0.03981481481481482 0.059375
1 0.8833333333333333 0.24583333333333332 0.075 0.03125
1 0.8416666666666667 0.45729166666666665 0.10185185185185185 0.026041666666666668
1 0.6981481481481482 0.1328125 0.10277777777777777 0.025520833333333333
1 0.9657407407407408 0.15677083333333333 0.06018518518518518 0.03802083333333333
1 0.8925925925925926 0.375 0.08518518518518518 0.025520833333333333
1 0.9398148148148148 0.6244791666666667 0.11481481481481481 0.058854166666666666
1 0.7148148148148148 0.6145833333333334 0.11203703703703703 0.041666666666666664
1 0.7296296296296296 0.23802083333333332 0.10277777777777777 0.023958333333333335
1 0.7916666666666666 0.496875 0.040740740740740744 0.06927083333333334
1 0.011111111111111112 0.43072916666666666 0.020370370370370372 0.071875
