1 0.6635416666666667 0.25462962962962965 0.04479166666666667 0.06666666666666667
1 0.5161458333333333 0.6342592592592593 0.050520833333333334 0.09907407407407408
1 0.5369791666666667 0.3990740740740741 0.033854166666666664 0.09444444444444444
1 0.8927083333333333 0.7027777777777777 0.05416666666666667 0.05185185185185185
1 0.6171875 0.4564814814814815 0.030208333333333334 0.08981481481481482
1 0.49635416666666665 0.3333333333333333 0.06614583333333333 0.05277777777777778
1 0.7765625 0.7361111111111112 0.0328125 0.05462962962962963
1 0.9822916666666667 0.7796296296296297 0.0328125 0.06574074074074074
1 0.43854166666666666 0.5148148148148148 0.03802083333333333 0.12314814814814815
1 0.603125 0.6518518518518519 0.046875 0.05
1 0.4734375 0.1824074074074074 0.05 0.05092592592592592
1 0.3828125 0.2537037037037037 0.04114583333333333 0.11018518518518519
1 0.90625 0.41388888888888886 0.050520833333333334 0.06388888888888888
1 0.4161458333333333 0.6805555555555556 0.05625 0.07685185185185185
1 0.7510416666666667 0.45 0.0375 0.07685185185185185
1 0.5895833333333333 0.24537037037037038 0.0625 0.04259259259259259
1 0.8630208333333333 0.2935185185185185 0.025520833333333333 0.10277777777777777
1 0.8338541666666667 0.5574074074074075 0.03854166666666667 0.05462962962962963
1 0.7536458333333333 0.3148148148148148 0.0359375 0.10092592592592593
1 0.31145833333333334 0.6657407407407407 0.07604166666666666 0.044444444444444446
1 0.6260416666666667 0.7657407407407407 0.0359375 0.06851851851851852
1 0.6890625 0.6092592592592593 0.044270833333333336 0.0712962962962963
1 0.36822916666666666 0.46574074074074073 0.05572916666666667 0.125
1 0.9057291666666667 0.5370370370370371 0.04895833333333333 0.06018518518518518
1 0.7078125 0.5361111111111111 0.07708333333333334 0.05277777777777778
