1 0.7453703703703703 0.6635416666666667 0.06759259259259259 0.0453125
1 0.36574074074074076 0.5166666666666667 0.1 0.051041666666666666
1 0.600925925925926 0.5375 0.09537037037037037 0.034375
1 0.2972222222222222 0.8927083333333333 0.05277777777777778 0.0546875
1 0.5435185185185185 0.6171875 0.09074074074074075 0.030729166666666665
1 0.6666666666666666 0.496875 0.053703703703703705 0.06666666666666667
1 0.2638888888888889 0.7770833333333333 0.05555555555555555 0.03333333333333333
1 0.22037037037037038 0.9828125 0.06666666666666667 0.03333333333333333
1 0.48518518518518516 0.4390625 0.12407407407407407 0.03854166666666667
1 0.34814814814814815 0.603125 0.05092592592592592 0.04739583333333333
1 0.8175925925925925 0.4734375 0.05185185185185185 0.050520833333333334
1 0.7462962962962963 0.38333333333333336 0.1111111111111111 0.041666666666666664
1 0.5861111111111111 0.9067708333333333 0.06481481481481481 0.051041666666666666
1 0.3194444444444444 0.4161458333333333 0.07777777777777778 0.05677083333333333
1 0.55 0.7510416666666667 0.07777777777777778 0.03802083333333333
1 0.7546296296296297 0.5895833333333333 0.04351851851851852 0.06302083333333333
1 0.7064814814814815 0.8635416666666667 0.1037037037037037 0.026041666666666668
1 0.4425925925925926 0.8338541666666667 0.05555555555555555 0.0390625
1 0.6851851851851852 0.7541666666666667 0.10185185185185185 0.036458333333333336
1 0.33425925925925926 0.31145833333333334 0.04537037037037037 0.0765625
1 0.23425925925925925 0.6265625 0.06944444444444445 0.036458333333333336
1 0.3907407407407407 0.6895833333333333 0.07222222222222222 0.04479166666666667
1 0.5342592592592592 0.36875 0.1259259259259259 0.05625
1 0.46296296296296297 0.9057291666666667 0.06111111111111111 0.049479166666666664
1 0.4638888888888889 0.7078125 0.053703703703703705 0.07760416666666667
