1 0.8294270833333334 0.31828703703703703 0.056640625 0.08449074074074074
1 0.6458333333333334 0.7939814814814815 0.06380208333333333 0.125
1 0.671875 0.4988425925925926 0.04296875 0.11921296296296297
1 0.771484375 0.5717592592592593 0.038411458333333336 0.11342592592592593
1 0.62109375 0.41782407407407407 0.08333333333333333 0.06712962962962964
1 0.9713541666666666 0.9212962962962963 0.041666666666666664 0.06944444444444445
1 0.548828125 0.6446759259259259 0.048177083333333336 0.1550925925925926
1 0.75390625 0.8148148148148148 0.059244791666666664 0.06365740740740741
1 0.591796875 0.22916666666666666 0.06315104166666667 0.06481481481481481
1 0.4791666666666667 0.31828703703703703 0.052083333333333336 0.1388888888888889
1 0.5201822916666666 0.8518518518518519 0.07096354166666667 0.09722222222222222
1 0.9388020833333334 0.5636574074074074 0.047526041666666664 0.09722222222222222
1 0.7369791666666666 0.30671296296296297 0.07877604166666667 0.05439814814814815
1 0.9427083333333334 0.39467592592592593 0.045572916666666664 0.12731481481481483
1 0.3893229166666667 0.8321759259259259 0.095703125 0.056712962962962965
1 0.783203125 0.9571759259259259 0.045572916666666664 0.08564814814814815
1 0.8619791666666666 0.7627314814814815 0.055989583333333336 0.09027777777777778
1 0.4609375 0.5833333333333334 0.0703125 0.1574074074074074
1 0.884765625 0.6712962962962963 0.09700520833333333 0.06712962962962964
