1 0.14947916666666666 0.5833333333333334 0.06927083333333334 0.09814814814814815
1 0.4713541666666667 0.7462962962962963 0.08541666666666667 0.08796296296296297
1 0.03958333333333333 0.487962962962963 0.0703125 0.15555555555555556
1 0.17916666666666667 0.2518518518518518 0.040625 0.08703703703703704
0 0.4161458333333333 0.03611111111111111 0.04375 0.06851851851851852
1 0.3536458333333333 0.35555555555555557 0.057291666666666664 0.10925925925925926
1 0.41354166666666664 0.4925925925925926 0.04739583333333333 0.12962962962962962
1 0.025 0.8759259259259259 0.050520833333333334 0.08148148148148149
1 0.05364583333333333 0.05462962962962963 0.051041666666666666 0.08055555555555556
1 0.28229166666666666 0.9574074074074074 0.021875 0.08518518518518518
1 0.3026041666666667 0.046296296296296294 0.025 0.09259259259259259
