1 0.4166666666666667 0.15 0.09907407407407408 0.06979166666666667
1 0.2537037037037037 0.4713541666666667 0.08888888888888889 0.0859375
1 0.5120370370370371 0.04010416666666667 0.15648148148148147 0.07083333333333333
1 0.7481481481481481 0.17916666666666667 0.08796296296296297 0.04114583333333333
0 0.9638888888888889 0.4161458333333333 0.06944444444444445 0.044270833333333336
1 0.6444444444444445 0.3536458333333333 0.11018518518518519 0.0578125
1 0.5074074074074074 0.4140625 0.13055555555555556 0.04791666666666667
1 0.12407407407407407 0.025520833333333333 0.0824074074074074 0.051041666666666666
1 0.9453703703703704 0.05364583333333333 0.08148148148148149 0.0515625
1 0.04351851851851852 0.28229166666666666 0.08518518518518518 0.022395833333333334
1 0.9537037037037037 0.3026041666666667 0.09259259259259259 0.025520833333333333
