1 0.2328125 0.24444444444444444 0.07552083333333333 0.11296296296296296
0 0.5901041666666667 0.07407407407407407 0.05416666666666667 0.10185185185185185
1 0.3692708333333333 0.5564814814814815 0.059895833333333336 0.08518518518518518
1 0.5333333333333333 0.7203703703703703 0.0359375 0.15462962962962962
1 0.3453125 0.2796296296296296 0.0390625 0.08888888888888889
1 0.225 0.5027777777777778 0.06822916666666666 0.07685185185185185
1 0.22135416666666666 0.9574074074074074 0.03697916666666667 0.0824074074074074
1 0.45208333333333334 0.28425925925925927 0.034895833333333334 0.13333333333333333
1 0.21041666666666667 0.649074074074074 0.07864583333333333 0.12962962962962962
1 0.19739583333333333 0.8166666666666667 0.059895833333333336 0.04259259259259259
1 0.5661458333333333 0.5666666666666667 0.09635416666666667 0.08796296296296297
1 0.9609375 0.95 0.028125 0.09722222222222222
1 0.9822916666666667 0.1287037037037037 0.03125 0.049074074074074076
1 0.9901041666666667 0.7296296296296296 0.01875 0.13518518518518519
1 0.9807291666666667 0.5462962962962963 0.033854166666666664 0.08055555555555556
1 0.38645833333333335 0.9101851851851852 0.022395833333333334 0.09166666666666666
