1 0.7555555555555555 0.23333333333333334 0.11388888888888889 0.07604166666666666
0 0.9259259259259259 0.5901041666666667 0.10277777777777777 0.0546875
1 0.44351851851851853 0.3697916666666667 0.08611111111111111 0.06041666666666667
1 0.2796296296296296 0.5338541666666666 0.15555555555555556 0.036458333333333336
1 0.7203703703703703 0.3458333333333333 0.08981481481481482 0.03958333333333333
1 0.49722222222222223 0.22552083333333334 0.07777777777777778 0.06875
1 0.04259259259259259 0.221875 0.08333333333333333 0.0375
1 0.7157407407407408 0.45260416666666664 0.13425925925925927 0.035416666666666666
1 0.3509259259259259 0.2109375 0.13055555555555556 0.07916666666666666
1 0.18333333333333332 0.19791666666666666 0.04351851851851852 0.06041666666666667
1 0.43333333333333335 0.5666666666666667 0.08888888888888889 0.096875
1 0.05 0.9609375 0.09814814814814815 0.028645833333333332
1 0.8712962962962963 0.9822916666666667 0.05 0.03177083333333333
1 0.27037037037037037 0.9901041666666667 0.1361111111111111 0.019270833333333334
1 0.4537037037037037 0.98125 0.08148148148148149 0.034375
1 0.08981481481481482 0.38697916666666665 0.09259259259259259 0.022916666666666665
