1 0.2916666666666667 0.3055555555555556 0.09505208333333333 0.1423611111111111
0 0.7376302083333334 0.09259259259259259 0.068359375 0.1284722222222222
1 0.4622395833333333 0.6956018518518519 0.07552083333333333 0.1076388888888889
1 0.6673177083333334 0.9016203703703703 0.045572916666666664 0.19444444444444445
1 0.4322916666666667 0.34953703703703703 0.049479166666666664 0.11226851851851852
1 0.2819010416666667 0.6296296296296297 0.0859375 0.09722222222222222
1 0.5657552083333334 0.35532407407407407 0.044270833333333336 0.16782407407407407
1 0.263671875 0.8113425925925926 0.09895833333333333 0.16319444444444445
1 0.24739583333333334 0.9965277777777778 0.07552083333333333 0.005787037037037037
1 0.7083333333333334 0.7094907407407407 0.12109375 0.1111111111111111
