0 0.52734375 0.9189814814814815 0.10677083333333333 0.16203703703703703
0 0.3365885416666667 0.23148148148148148 0.09114583333333333 0.18171296296296297
0 0.06380208333333333 0.9872685185185185 0.09375 0.02546296296296296
0 0.5904947916666666 0.5451388888888888 0.09440104166666667 0.2013888888888889
0 0.4739583333333333 0.5543981481481481 0.0859375 0.1886574074074074
0 0.7180989583333334 0.35648148148148145 0.14908854166666666 0.15046296296296297
0 0.7454427083333334 0.7395833333333334 0.146484375 0.18981481481481483
0 0.17057291666666666 0.3599537037037037 0.10026041666666667 0.1574074074074074
0 0.4908854166666667 0.2152777777777778 0.0703125 0.13425925925925927
0 0.6744791666666666 0.9918981481481481 0.11328125 0.015046296296296295
0 0.25 0.7256944444444444 0.12044270833333333 0.22106481481481483
1 0.3880208333333333 0.05787037037037037 0.03125 0.11574074074074074
