0 0.2351851851851852 0.421875 0.19074074074074074 0.08541666666666667
0 0.8148148148148148 0.26927083333333335 0.14537037037037037 0.07291666666666667
0 0.13796296296296295 0.051041666666666666 0.16666666666666666 0.075
0 0.5648148148148148 0.47239583333333335 0.16111111111111112 0.07552083333333333
0 0.5564814814814815 0.37916666666666665 0.15092592592592594 0.06875
0 0.7157407407407408 0.5744791666666667 0.12037037037037036 0.11927083333333334
0 0.40925925925925927 0.5963541666666666 0.15185185185185185 0.1171875
0 0.7129629629629629 0.13645833333333332 0.1259259259259259 0.08020833333333334
0 0.8287037037037037 0.3927083333333333 0.10740740740740741 0.05625
0 0.08518518518518518 0.21145833333333333 0.14351851851851852 0.0890625
0 0.14074074074074075 0.5395833333333333 0.14444444444444443 0.090625
0 0.41944444444444445 0.2 0.17685185185185184 0.09635416666666667
1 0.9537037037037037 0.3104166666666667 0.09166666666666666 0.025
