0 0.42135416666666664 0.7648148148148148 0.08489583333333334 0.18981481481481483
0 0.26875 0.18518518518518517 0.07239583333333334 0.14444444444444443
0 0.050520833333333334 0.862037037037037 0.07447916666666667 0.16574074074074074
0 0.47239583333333335 0.4351851851851852 0.075 0.16018518518518518
0 0.37864583333333335 0.44351851851851853 0.06822916666666666 0.15
0 0.5744791666666667 0.28425925925925927 0.11875 0.11944444444444445
0 0.5963541666666666 0.5907407407407408 0.11666666666666667 0.15092592592592594
0 0.1359375 0.28703703703703703 0.0796875 0.125
0 0.3921875 0.1712962962962963 0.05572916666666667 0.10648148148148148
0 0.21145833333333333 0.9148148148148149 0.08854166666666667 0.1425925925925926
0 0.5390625 0.8592592592592593 0.09010416666666667 0.14351851851851852
0 0.2 0.5805555555555556 0.09583333333333334 0.17592592592592593
1 0.3098958333333333 0.04537037037037037 0.024479166666666666 0.09166666666666666
