0 0.5435185185185185 0.68125 0.13333333333333333 0.06614583333333333
0 0.762962962962963 0.7098958333333333 0.11388888888888889 0.05572916666666667
0 0.9416666666666667 0.5661458333333333 0.1037037037037037 0.05364583333333333
0 0.6759259259259259 0.5276041666666667 0.10925925925925926 0.0640625
0 0.8759259259259259 0.4765625 0.09074074074074075 0.05364583333333333
0 0.8972222222222223 0.09479166666666666 0.10555555555555556 0.044270833333333336
0 0.4537037037037037 0.5401041666666667 0.1037037037037037 0.06979166666666667
0 0.6694444444444444 0.8 0.12037037037037036 0.08385416666666666
0 0.3138888888888889 0.10416666666666667 0.10648148148148148 0.06875
0 0.26296296296296295 0.7776041666666667 0.10555555555555556 0.06979166666666667
0 0.22777777777777777 0.54375 0.10277777777777777 0.0703125
0 0.48703703703703705 0.42291666666666666 0.11944444444444445 0.0578125
0 0.47129629629629627 0.7640625 0.08796296296296297 0.06354166666666666
0 0.7648148148148148 0.6447916666666667 0.1 0.04583333333333333
0 0.9444444444444444 0.6515625 0.07407407407407407 0.04114583333333333
0 0.8768518518518519 0.7911458333333333 0.09166666666666666 0.078125
0 0.24074074074074073 0.6625 0.0824074074074074 0.06197916666666667
1 0.7157407407407408 0.090625 0.07685185185185185 0.059895833333333336
