0 0.8515625 0.5717592592592593 0.08268229166666667 0.16666666666666666
0 0.8873697916666666 0.2962962962962963 0.06966145833333333 0.1423611111111111
0 0.7076822916666666 0.07407407407407407 0.06705729166666667 0.12962962962962962
0 0.6595052083333334 0.40625 0.080078125 0.13657407407407407
0 0.595703125 0.15625 0.06705729166666667 0.11342592592592593
0 0.11848958333333333 0.12962962962962962 0.055338541666666664 0.13194444444444445
0 0.6751302083333334 0.6840277777777778 0.08723958333333333 0.12962962962962962
0 0.9739583333333334 0.41435185185185186 0.052083333333333336 0.15046296296296297
0 0.13020833333333334 0.8576388888888888 0.0859375 0.13310185185185186
0 0.9641927083333334 0.9224537037037037 0.07161458333333333 0.13194444444444445
0 0.6796875 0.9502314814814815 0.087890625 0.09837962962962964
0 0.5286458333333334 0.6412037037037037 0.072265625 0.14930555555555555
0 0.955078125 0.6608796296296297 0.07942708333333333 0.1099537037037037
0 0.8059895833333334 0.2951388888888889 0.057291666666666664 0.125
0 0.814453125 0.07060185185185185 0.051432291666666664 0.09259259259259259
0 0.9700520833333334 0.15393518518518517 0.059895833333333336 0.11458333333333333
0 0.828125 0.9490740740740741 0.07747395833333333 0.10185185185185185
1 0.11328125 0.35532407407407407 0.07486979166666667 0.09606481481481481
