0 0.68125 0.4564814814814815 0.065625 0.13240740740740742
0 0.7098958333333333 0.23703703703703705 0.05520833333333333 0.11296296296296296
0 0.5661458333333333 0.058333333333333334 0.053125 0.10277777777777777
0 0.5276041666666667 0.32407407407407407 0.06354166666666666 0.10833333333333334
0 0.4765625 0.12407407407407407 0.053125 0.08981481481481482
0 0.09479166666666666 0.10277777777777777 0.04375 0.10462962962962963
0 0.5395833333333333 0.5462962962962963 0.06927083333333334 0.10277777777777777
0 0.8 0.33055555555555555 0.08333333333333333 0.11944444444444445
0 0.10364583333333334 0.6861111111111111 0.06822916666666666 0.10555555555555556
0 0.7770833333333333 0.737037037037037 0.06927083333333334 0.10462962962962963
0 0.54375 0.7722222222222223 0.06979166666666667 0.10185185185185185
0 0.42291666666666666 0.512962962962963 0.057291666666666664 0.11851851851851852
0 0.7635416666666667 0.5287037037037037 0.06302083333333333 0.08703703703703704
0 0.6442708333333333 0.2351851851851852 0.0453125 0.09907407407407408
0 0.6515625 0.05555555555555555 0.040625 0.07314814814814814
0 0.790625 0.12314814814814815 0.07760416666666667 0.09074074074074075
0 0.6625 0.7592592592592593 0.06145833333333333 0.08148148148148149
1 0.090625 0.28425925925925927 0.059375 0.07592592592592592
