0 0.9739583333333334 0.13078703703703703 0.052083333333333336 0.15046296296296297
0 0.9641927083333334 0.8495370370370371 0.07096354166666667 0.13194444444444445
0 0.7506510416666666 0.49537037037037035 0.12825520833333334 0.16435185185185186
0 0.9576822916666666 0.3275462962962963 0.083984375 0.14583333333333334
1 0.6302083333333334 0.2199074074074074 0.07747395833333333 0.08449074074074074
1 0.6920572916666666 0.9502314814814815 0.07291666666666667 0.09837962962962964
1 0.050130208333333336 0.24189814814814814 0.06315104166666667 0.1087962962962963
1 0.11067708333333333 0.3645833333333333 0.041666666666666664 0.13194444444444445
1 0.14583333333333334 0.5925925925925926 0.08138020833333333 0.05324074074074074
1 0.14127604166666666 0.8587962962962963 0.033854166666666664 0.13078703703703703
1 0.8548177083333334 0.6145833333333334 0.045572916666666664 0.18518518518518517
