0 0.7838541666666666 0.1037037037037037 0.0515625 0.11944444444444445
0 0.7755208333333333 0.6787037037037037 0.06510416666666667 0.10462962962962963
0 0.6005208333333333 0.39537037037037037 0.10208333333333333 0.13055555555555556
0 0.7713541666666667 0.2611111111111111 0.07708333333333334 0.11574074074074074
1 0.9151041666666667 0.6953703703703704 0.05572916666666667 0.11666666666666667
1 0.5041666666666667 0.17592592592592593 0.06145833333333333 0.06666666666666667
1 0.553125 0.7787037037037037 0.0578125 0.11481481481481481
1 0.04010416666666667 0.1925925925925926 0.05 0.08611111111111111
1 0.08802083333333334 0.29074074074074074 0.0328125 0.10462962962962963
1 0.11666666666666667 0.47314814814814815 0.06458333333333334 0.041666666666666664
1 0.1125 0.687037037037037 0.0265625 0.1037037037037037
1 0.6833333333333333 0.49074074074074076 0.0359375 0.14722222222222223
