0 0.8962962962962963 0.784375 0.12037037037037036 0.052083333333333336
0 0.3212962962962963 0.7760416666666666 0.10555555555555556 0.065625
0 0.6046296296296296 0.6005208333333333 0.13148148148148148 0.10260416666666666
0 0.7388888888888889 0.7713541666666667 0.11666666666666667 0.07760416666666667
1 0.30462962962962964 0.915625 0.1175925925925926 0.05625
1 0.8240740740740741 0.5041666666666667 0.06759259259259259 0.06197916666666667
1 0.2212962962962963 0.5536458333333333 0.11574074074074074 0.058333333333333334
1 0.8074074074074075 0.04010416666666667 0.08703703703703704 0.050520833333333334
1 0.7092592592592593 0.08854166666666667 0.10555555555555556 0.03333333333333333
1 0.5268518518518519 0.11666666666666667 0.04259259259259259 0.06510416666666667
1 0.31296296296296294 0.11302083333333333 0.10462962962962963 0.027083333333333334
1 0.5092592592592593 0.6838541666666667 0.14814814814814814 0.036458333333333336
