0 0.020182291666666668 0.8495370370370371 0.040364583333333336 0.13657407407407407
0 0.033854166666666664 0.1597222222222222 0.06770833333333333 0.1574074074074074
0 0.016927083333333332 0.3726851851851852 0.034505208333333336 0.11342592592592593
1 0.6419270833333334 0.4166666666666667 0.033203125 0.12962962962962962
1 0.6822916666666666 0.27546296296296297 0.05859375 0.08796296296296297
1 0.8958333333333334 0.7858796296296297 0.045572916666666664 0.1701388888888889
1 0.6080729166666666 0.20833333333333334 0.026041666666666668 0.11458333333333333
1 0.7356770833333334 0.75 0.037109375 0.1550925925925926
1 0.8313802083333334 0.1284722222222222 0.041666666666666664 0.09027777777777778
0 0.6640625 0.9016203703703703 0.057291666666666664 0.05787037037037037
1 0.6438802083333334 0.6759259259259259 0.0703125 0.06828703703703703
1 0.12239583333333333 0.8391203703703703 0.052734375 0.15162037037037038
1 0.7890625 0.39351851851851855 0.078125 0.09606481481481481
1 0.9765625 0.20833333333333334 0.046223958333333336 0.1261574074074074
1 0.9973958333333334 0.3819444444444444 0.005208333333333333 0.11574074074074074
