0 0.015625 0.6787037037037037 0.03177083333333333 0.10833333333333334
0 0.0265625 0.12685185185185185 0.05364583333333333 0.125
0 0.013541666666666667 0.2972222222222222 0.027083333333333334 0.08981481481481482
1 0.5135416666666667 0.33240740740740743 0.026041666666666668 0.10277777777777777
1 0.5453125 0.21944444444444444 0.04635416666666667 0.06944444444444445
1 0.7161458333333334 0.6287037037037037 0.0359375 0.13518518518518519
0 0.853125 0.46111111111111114 0.07447916666666667 0.06851851851851852
1 0.4859375 0.16666666666666666 0.0203125 0.09074074074074075
1 0.5885416666666666 0.5990740740740741 0.029166666666666667 0.12314814814814815
1 0.6645833333333333 0.10185185185185185 0.0328125 0.0712962962962963
0 0.5307291666666667 0.7203703703703703 0.0453125 0.04537037037037037
1 0.83125 0.6898148148148148 0.025520833333333333 0.125
1 0.5145833333333333 0.5407407407407407 0.05572916666666667 0.053703703703703705
1 0.09791666666666667 0.6712962962962963 0.041666666666666664 0.12037037037037036
1 0.6307291666666667 0.3148148148148148 0.06197916666666667 0.07592592592592592
1 0.7833333333333333 0.16666666666666666 0.040625 0.1
1 0.8197916666666667 0.30462962962962964 0.04791666666666667 0.09166666666666666
