0 0.3212962962962963 0.016145833333333335 0.10925925925925926 0.03229166666666667
0 0.8731481481481481 0.027083333333333334 0.1259259259259259 0.05416666666666667
0 0.7027777777777777 0.013541666666666667 0.09074074074074075 0.027604166666666666
1 0.6675925925925926 0.5135416666666667 0.1037037037037037 0.0265625
1 0.7805555555555556 0.5458333333333333 0.07037037037037037 0.046875
1 0.3712962962962963 0.7166666666666667 0.1361111111111111 0.036458333333333336
0 0.5388888888888889 0.8536458333333333 0.06944444444444445 0.075
1 0.8333333333333334 0.4864583333333333 0.09166666666666666 0.020833333333333332
1 0.4009259259259259 0.5885416666666666 0.12407407407407407 0.0296875
1 0.8981481481481481 0.6651041666666667 0.07222222222222222 0.03333333333333333
0 0.2796296296296296 0.53125 0.046296296296296294 0.04583333333333333
1 0.3101851851851852 0.8317708333333333 0.1259259259259259 0.026041666666666668
1 0.45925925925925926 0.5151041666666667 0.05462962962962963 0.05625
1 0.3287037037037037 0.09791666666666667 0.12129629629629629 0.0421875
1 0.6851851851851852 0.63125 0.07685185185185185 0.0625
1 0.8333333333333334 0.7833333333333333 0.10092592592592593 0.04114583333333333
1 0.6953703703703704 0.8197916666666667 0.09259259259259259 0.0484375
