1 0.6282552083333334 0.4386574074074074 0.06575520833333333 0.09606481481481481
0 0.046223958333333336 0.9189814814814815 0.07096354166666667 0.11574074074074074
1 0.9739583333333334 0.7118055555555556 0.051432291666666664 0.06828703703703703
1 0.9427083333333334 0.5416666666666666 0.057291666666666664 0.1076388888888889
1 0.890625 0.3715277777777778 0.051432291666666664 0.11921296296296297
1 0.6881510416666666 0.8958333333333334 0.029947916666666668 0.1423611111111111
1 0.9720052083333334 0.9606481481481481 0.02734375 0.0775462962962963
1 0.1171875 0.8449074074074074 0.033854166666666664 0.1388888888888889
1 0.6002604166666666 0.5868055555555556 0.02734375 0.12384259259259259
0 0.020182291666666668 0.4583333333333333 0.040364583333333336 0.1111111111111111
1 0.734375 0.5416666666666666 0.06315104166666667 0.08217592592592593
1 0.8391927083333334 0.10648148148148148 0.040364583333333336 0.09837962962962964
1 0.5579427083333334 0.19560185185185186 0.052734375 0.05092592592592592
1 0.6041666666666666 0.8067129629629629 0.07682291666666667 0.05324074074074074
1 0.763671875 0.32175925925925924 0.037109375 0.09143518518518519
1 0.8404947916666666 0.9166666666666666 0.037760416666666664 0.15046296296296297
1 0.9303385416666666 0.12037037037037036 0.03515625 0.1412037037037037
1 0.5677083333333334 0.38425925925925924 0.024739583333333332 0.1111111111111111
1 0.6302083333333334 0.11805555555555555 0.055989583333333336 0.05555555555555555
1 0.55859375 0.05092592592592592 0.048828125 0.10185185185185185
