1 0.5026041666666666 0.3509259259259259 0.052083333333333336 0.07592592592592592
0 0.03697916666666667 0.7342592592592593 0.05625 0.09166666666666666
1 0.7880208333333333 0.5694444444444444 0.058854166666666666 0.053703703703703705
1 0.7536458333333333 0.43333333333333335 0.0453125 0.08518518518518518
1 0.7125 0.2972222222222222 0.040625 0.09444444444444444
1 0.55 0.7166666666666667 0.0234375 0.11296296296296296
1 0.7770833333333333 0.7888888888888889 0.021354166666666667 0.10185185185185185
1 0.09322916666666667 0.675 0.0265625 0.11018518518518519
1 0.4796875 0.46944444444444444 0.021354166666666667 0.09814814814814815
0 0.015625 0.36574074074074076 0.03177083333333333 0.08796296296296297
1 0.5875 0.43333333333333335 0.05 0.06481481481481481
1 0.6708333333333333 0.08518518518518518 0.03177083333333333 0.07777777777777778
1 0.44635416666666666 0.15555555555555556 0.041666666666666664 0.03981481481481482
1 0.4828125 0.6444444444444445 0.0609375 0.041666666666666664
1 0.6109375 0.2574074074074074 0.029166666666666667 0.07222222222222222
1 0.671875 0.7324074074074074 0.0296875 0.11944444444444445
1 0.74375 0.09537037037037037 0.027604166666666666 0.11203703703703703
1 0.45364583333333336 0.30648148148148147 0.019270833333333334 0.08796296296296297
1 0.5036458333333333 0.09351851851851851 0.044270833333333336 0.04351851851851852
0 0.5072916666666667 0.8481481481481481 0.05416666666666667 0.06666666666666667
1 0.446875 0.03981481481481482 0.03854166666666667 0.08055555555555556
