1 0.649074074074074 0.5026041666666666 0.07685185185185185 0.05260416666666667
0 0.2657407407407407 0.03697916666666667 0.09259259259259259 0.05677083333333333
1 0.4305555555555556 0.7885416666666667 0.05462962962962963 0.059375
1 0.5666666666666667 0.7541666666666667 0.08611111111111111 0.04583333333333333
1 0.7027777777777777 0.7125 0.09537037037037037 0.04114583333333333
1 0.2833333333333333 0.5505208333333333 0.11388888888888889 0.023958333333333335
1 0.2111111111111111 0.7776041666666667 0.10277777777777777 0.021875
1 0.325 0.09375 0.1111111111111111 0.027083333333333334
1 0.5305555555555556 0.48020833333333335 0.09907407407407408 0.021875
0 0.6342592592592593 0.016145833333333335 0.08888888888888889 0.03229166666666667
1 0.5666666666666667 0.5875 0.06574074074074074 0.050520833333333334
1 0.9148148148148149 0.6713541666666667 0.0787037037037037 0.03229166666666667
1 0.8444444444444444 0.44635416666666666 0.040740740740740744 0.0421875
1 0.35555555555555557 0.48333333333333334 0.04259259259259259 0.06145833333333333
1 0.7425925925925926 0.6109375 0.07314814814814814 0.0296875
1 0.2675925925925926 0.6723958333333333 0.12037037037037036 0.030208333333333334
1 0.9046296296296297 0.7442708333333333 0.11296296296296296 0.028125
1 0.6935185185185185 0.45416666666666666 0.08888888888888889 0.019791666666666666
1 0.9064814814814814 0.5041666666666667 0.044444444444444446 0.04479166666666667
0 0.15185185185185185 0.5072916666666667 0.06759259259259259 0.0546875
1 0.9592592592592593 0.446875 0.08055555555555556 0.0390625
