0 0.26458333333333334 0.4101851851851852 0.10625 0.2111111111111111
1 0.9682291666666667 0.6370370370370371 0.03958333333333333 0.1527777777777778
1 0.17604166666666668 0.7666666666666667 0.059375 0.07222222222222222
1 0.9270833333333334 0.39444444444444443 0.04479166666666667 0.12962962962962962
1 0.4234375 0.9101851851851852 0.04791666666666667 0.1675925925925926
1 0.9265625 0.14351851851851852 0.06145833333333333 0.05648148148148148
0 0.31979166666666664 0.9675925925925926 0.115625 0.062037037037037036
1 0.9765625 0.09166666666666666 0.04479166666666667 0.05462962962962963
1 0.9760416666666667 0.8981481481481481 0.046875 0.0712962962962963
1 0.98125 0.4759259259259259 0.035416666666666666 0.06018518518518518
