0 0.5898148148148148 0.26458333333333334 0.21203703703703702 0.10677083333333333
1 0.362962962962963 0.9682291666666667 0.1537037037037037 0.04010416666666667
1 0.23333333333333334 0.17604166666666668 0.07314814814814814 0.059895833333333336
1 0.6055555555555555 0.9270833333333334 0.13055555555555556 0.0453125
1 0.08981481481481482 0.4234375 0.1685185185185185 0.0484375
1 0.8564814814814815 0.9265625 0.05740740740740741 0.06197916666666667
0 0.032407407407407406 0.31979166666666664 0.06296296296296296 0.11614583333333334
1 0.9083333333333333 0.9765625 0.05555555555555555 0.0453125
1 0.10185185185185185 0.9760416666666667 0.07222222222222222 0.04739583333333333
1 0.524074074074074 0.98125 0.06111111111111111 0.0359375
