0 0.30572916666666666 0.8657407407407407 0.06666666666666667 0.12222222222222222
0 0.2677083333333333 0.5824074074074074 0.050520833333333334 0.09074074074074075
0 0.325 0.5148148148148148 0.06302083333333333 0.14629629629629629
1 0.6083333333333333 0.725 0.05416666666666667 0.062037037037037036
1 0.15364583333333334 0.5777777777777777 0.059895833333333336 0.05740740740740741
0 0.6723958333333333 0.7481481481481481 0.059895833333333336 0.1361111111111111
1 0.22447916666666667 0.7870370370370371 0.021354166666666667 0.1111111111111111
0 0.4171875 0.5361111111111111 0.059375 0.08518518518518518
1 0.528125 0.5953703703703703 0.04375 0.10833333333333334
0 0.4635416666666667 0.6916666666666667 0.042708333333333334 0.09444444444444444
0 0.6072916666666667 0.9657407407407408 0.06666666666666667 0.06666666666666667
1 0.028125 0.5185185185185185 0.03177083333333333 0.10555555555555556
1 0.56875 0.03888888888888889 0.05625 0.06851851851851852
0 0.6895833333333333 0.49907407407407406 0.0734375 0.10833333333333334
1 0.20885416666666667 0.024074074074074074 0.0359375 0.049074074074074076
1 0.6223958333333334 0.017592592592592594 0.050520833333333334 0.03611111111111111
