0 0.13425925925925927 0.30572916666666666 0.12314814814814815 0.0671875
0 0.41759259259259257 0.2682291666666667 0.09166666666666666 0.051041666666666666
0 0.48518518518518516 0.3255208333333333 0.14722222222222223 0.06354166666666666
1 0.275 0.6083333333333333 0.06296296296296296 0.0546875
1 0.4222222222222222 0.15416666666666667 0.058333333333333334 0.06041666666666667
0 0.2518518518518518 0.6729166666666667 0.13703703703703704 0.06041666666666667
1 0.21296296296296297 0.225 0.11203703703703703 0.021875
0 0.4638888888888889 0.4171875 0.08611111111111111 0.059895833333333336
1 0.4046296296296296 0.528125 0.10925925925925926 0.044270833333333336
0 0.30833333333333335 0.4635416666666667 0.09537037037037037 0.043229166666666666
0 0.03425925925925926 0.6072916666666667 0.06759259259259259 0.0671875
1 0.48148148148148145 0.028645833333333332 0.10648148148148148 0.03229166666666667
1 0.9611111111111111 0.56875 0.06944444444444445 0.05677083333333333
0 0.5009259259259259 0.6901041666666666 0.10925925925925926 0.07395833333333333
1 0.975 0.209375 0.049074074074074076 0.036458333333333336
1 0.9814814814814815 0.6229166666666667 0.03611111111111111 0.051041666666666666
