0 0.3352864583333333 0.7280092592592593 0.06380208333333333 0.11458333333333333
0 0.4069010416666667 0.6435185185185185 0.07942708333333333 0.1840277777777778
1 0.7604166666666666 0.9074074074074074 0.068359375 0.0787037037037037
1 0.19270833333333334 0.7222222222222222 0.07552083333333333 0.07291666666666667
0 0.8411458333333334 0.9247685185185185 0.07552083333333333 0.14930555555555555
1 0.28125 0.9571759259259259 0.02734375 0.08564814814814815
0 0.521484375 0.6701388888888888 0.07486979166666667 0.1076388888888889
1 0.66015625 0.7453703703703703 0.055338541666666664 0.13657407407407407
0 0.5794270833333334 0.8645833333333334 0.054036458333333336 0.11921296296296297
1 0.035807291666666664 0.6481481481481481 0.040364583333333336 0.13310185185185186
1 0.7109375 0.04861111111111111 0.07096354166666667 0.08680555555555555
0 0.8626302083333334 0.625 0.09244791666666667 0.13657407407407407
1 0.26171875 0.03125 0.045572916666666664 0.0625
1 0.7786458333333334 0.023148148148148147 0.06380208333333333 0.046296296296296294
