1 0.3277777777777778 0.026041666666666668 0.14537037037037037 0.052083333333333336
1 0.8601851851851852 0.8447916666666667 0.11018518518518519 0.07552083333333333
1 0.7037037037037037 0.7645833333333333 0.08611111111111111 0.08333333333333333
1 0.9111111111111111 0.6776041666666667 0.06666666666666667 0.06614583333333333
1 0.5916666666666667 0.5869791666666667 0.075 0.08125
1 0.6564814814814814 0.13333333333333333 0.09259259259259259 0.0484375
1 0.8296296296296296 0.64375 0.14907407407407408 0.044270833333333336
1 0.7768518518518519 0.5421875 0.11481481481481481 0.028645833333333332
1 0.27037037037037037 0.13125 0.14722222222222223 0.017708333333333333
1 0.6694444444444444 0.8796875 0.07685185185185185 0.06302083333333333
1 0.5768518518518518 0.7364583333333333 0.07407407407407407 0.090625
1 0.42685185185185187 0.875 0.17314814814814813 0.027604166666666666
1 0.9685185185185186 0.12083333333333333 0.062037037037037036 0.024479166666666666
