1 0.025520833333333333 0.6722222222222223 0.0515625 0.14444444444444443
1 0.8447916666666667 0.1398148148148148 0.075 0.10925925925925926
1 0.7640625 0.2962962962962963 0.0828125 0.08518518518518518
1 0.6776041666666667 0.08888888888888889 0.065625 0.06574074074074074
1 0.5864583333333333 0.4083333333333333 0.08072916666666667 0.07407407407407407
1 0.13333333333333333 0.3435185185185185 0.04791666666666667 0.09166666666666666
1 0.64375 0.17037037037037037 0.04375 0.14814814814814814
1 0.5421875 0.22314814814814815 0.028125 0.11388888888888889
1 0.13072916666666667 0.7296296296296296 0.0171875 0.14629629629629629
1 0.8796875 0.33055555555555555 0.0625 0.07592592592592592
1 0.7359375 0.42314814814814816 0.09010416666666667 0.07314814814814814
1 0.875 0.5731481481481482 0.027083333333333334 0.17222222222222222
1 0.12083333333333333 0.030555555555555555 0.023958333333333335 0.062037037037037036
