1 0.032552083333333336 0.8402777777777778 0.06510416666666667 0.18171296296296297
1 0.9518229166666666 0.37037037037037035 0.09635416666666667 0.1076388888888889
1 0.8470052083333334 0.11226851851851852 0.08268229166666667 0.08333333333333333
1 0.7337239583333334 0.5104166666666666 0.1015625 0.09375
1 0.16666666666666666 0.4305555555555556 0.060546875 0.11574074074074074
1 0.8046875 0.21296296296296297 0.055338541666666664 0.1863425925925926
1 0.677734375 0.2800925925925926 0.035807291666666664 0.14351851851851852
1 0.1640625 0.9097222222222222 0.022135416666666668 0.17939814814814814
1 0.9205729166666666 0.5300925925925926 0.11328125 0.09259259259259259
1 0.15104166666666666 0.03935185185185185 0.030598958333333332 0.0787037037037037
