0 0.6129629629629629 0.678125 0.21944444444444444 0.10416666666666667
1 0.7444444444444445 0.44114583333333335 0.07407407407407407 0.065625
0 0.8925925925925926 0.778125 0.12037037037037036 0.0546875
1 0.33611111111111114 0.6348958333333333 0.05185185185185185 0.06458333333333334
1 0.23148148148148148 0.8338541666666667 0.17777777777777778 0.036458333333333336
0 0.4759259259259259 0.4484375 0.06944444444444445 0.035416666666666666
0 0.25462962962962965 0.4895833333333333 0.07222222222222222 0.044270833333333336
0 0.11944444444444445 0.7067708333333333 0.08055555555555556 0.04479166666666667
1 0.6546296296296297 0.041666666666666664 0.08425925925925926 0.0671875
1 0.3925925925925926 0.017708333333333333 0.1814814814814815 0.03333333333333333
1 0.8425925925925926 0.017708333333333333 0.0712962962962963 0.0359375
