0 0.6776041666666667 0.387037037037037 0.10364583333333334 0.21851851851851853
1 0.440625 0.25555555555555554 0.06510416666666667 0.07314814814814814
0 0.778125 0.10740740740740741 0.05416666666666667 0.11944444444444445
1 0.634375 0.6638888888888889 0.0640625 0.05092592592592592
1 0.8333333333333334 0.7685185185185185 0.0359375 0.17685185185185184
0 0.4479166666666667 0.524074074074074 0.034895833333333334 0.06851851851851852
0 0.4895833333333333 0.7453703703703703 0.04375 0.0712962962962963
0 0.70625 0.8805555555555555 0.044270833333333336 0.07962962962962963
1 0.041666666666666664 0.3453703703703704 0.06666666666666667 0.08333333333333333
1 0.0171875 0.6074074074074074 0.0328125 0.18055555555555555
1 0.017708333333333333 0.1574074074074074 0.035416666666666666 0.07037037037037037
