1 0.41759259259259257 0.3515625 0.1398148148148148 0.0421875
1 0.23981481481481481 0.7614583333333333 0.06851851851851852 0.06458333333333334
1 0.03611111111111111 0.7588541666666667 0.04259259259259259 0.07239583333333334
0 0.4666666666666667 0.1234375 0.0824074074074074 0.05572916666666667
1 0.37592592592592594 0.4265625 0.05277777777777778 0.07135416666666666
1 0.1361111111111111 0.3536458333333333 0.08055555555555556 0.035416666666666666
1 0.4064814814814815 0.5989583333333334 0.07685185185185185 0.043229166666666666
1 0.2564814814814815 0.225 0.053703703703703705 0.06302083333333333
1 0.3962962962962963 0.7859375 0.03981481481481482 0.06979166666666667
1 0.09259259259259259 0.22552083333333334 0.06018518518518518 0.041666666666666664
1 0.1287037037037037 0.6098958333333333 0.1111111111111111 0.0234375
1 0.15462962962962962 0.5229166666666667 0.028703703703703703 0.043229166666666666
