1 0.3515625 0.5824074074074074 0.041666666666666664 0.1388888888888889
1 0.7609375 0.7601851851851852 0.0640625 0.06759259259259259
1 0.7588541666666667 0.9638888888888889 0.071875 0.041666666666666664
0 0.1234375 0.5333333333333333 0.05520833333333333 0.08148148148148149
1 0.4265625 0.6240740740740741 0.07083333333333333 0.05185185185185185
1 0.353125 0.8638888888888889 0.034895833333333334 0.07962962962962963
1 0.5989583333333334 0.5935185185185186 0.042708333333333334 0.07592592592592592
1 0.225 0.7435185185185185 0.0625 0.05277777777777778
1 0.7854166666666667 0.6037037037037037 0.06927083333333334 0.03888888888888889
1 0.225 0.9074074074074074 0.04114583333333333 0.05925925925925926
1 0.6098958333333333 0.8712962962962963 0.022916666666666665 0.11018518518518519
1 0.5229166666666667 0.8453703703703703 0.042708333333333334 0.027777777777777776
