0 0.8713541666666667 0.14074074074074075 0.06041666666666667 0.1287037037037037
0 0.9119791666666667 0.4703703703703704 0.06354166666666666 0.11666666666666667
1 0.8932291666666666 0.7148148148148148 0.034895833333333334 0.1259259259259259
1 0.2640625 0.04537037037037037 0.050520833333333334 0.09166666666666666
0 0.8526041666666667 0.3453703703703704 0.096875 0.1398148148148148
1 0.4166666666666667 0.8787037037037037 0.07291666666666667 0.10462962962962963
1 0.24895833333333334 0.8490740740740741 0.078125 0.07222222222222222
1 0.19322916666666667 0.37222222222222223 0.07291666666666667 0.06481481481481481
1 0.21041666666666667 0.9324074074074075 0.0515625 0.1259259259259259
1 0.5104166666666666 0.6259259259259259 0.040625 0.08703703703703704
1 0.14322916666666666 0.575 0.05572916666666667 0.10740740740740741
1 0.2859375 0.38981481481481484 0.051041666666666666 0.08981481481481482
0 0.9744791666666667 0.041666666666666664 0.04479166666666667 0.08333333333333333
1 0.29375 0.6731481481481482 0.058333333333333334 0.07222222222222222
1 0.48385416666666664 0.2953703703703704 0.041666666666666664 0.08796296296296297
1 0.178125 0.14814814814814814 0.07291666666666667 0.07777777777777778
1 0.13489583333333333 0.75 0.035416666666666666 0.13796296296296295
1 0.36354166666666665 0.2111111111111111 0.0484375 0.12407407407407407
1 0.425 0.687037037037037 0.03125 0.12314814814814815
1 0.46145833333333336 0.05925925925925926 0.04010416666666667 0.11574074074074074
1 0.865625 0.9777777777777777 0.04635416666666667 0.03981481481481482
1 0.3494791666666667 0.4398148148148148 0.046875 0.125
1 0.41041666666666665 0.5101851851851852 0.06927083333333334 0.10833333333333334
1 0.35625 0.049074074074074076 0.06041666666666667 0.09814814814814815
