0 0.8592592592592593 0.8713541666666667 0.12962962962962962 0.0609375
0 0.5296296296296297 0.9119791666666667 0.1175925925925926 0.0640625
1 0.2851851851851852 0.89375 0.12685185185185185 0.035416666666666666
1 0.9537037037037037 0.26458333333333334 0.09166666666666666 0.051041666666666666
0 0.6546296296296297 0.8526041666666667 0.14074074074074075 0.09739583333333333
1 0.12129629629629629 0.4166666666666667 0.10555555555555556 0.0734375
1 0.15092592592592594 0.24895833333333334 0.07314814814814814 0.07864583333333333
1 0.6277777777777778 0.19322916666666667 0.06574074074074074 0.0734375
1 0.06759259259259259 0.2109375 0.12685185185185185 0.052083333333333336
1 0.37407407407407406 0.5104166666666666 0.08796296296296297 0.04114583333333333
1 0.425 0.14375 0.10833333333333334 0.05625
1 0.6101851851851852 0.2859375 0.09074074074074075 0.0515625
0 0.9583333333333334 0.9744791666666667 0.08333333333333333 0.0453125
1 0.32685185185185184 0.29375 0.07314814814814814 0.058854166666666666
1 0.7046296296296296 0.48385416666666664 0.08888888888888889 0.0421875
1 0.8518518518518519 0.178125 0.0787037037037037 0.0734375
1 0.25 0.13489583333333333 0.1388888888888889 0.0359375
1 0.7888888888888889 0.3640625 0.125 0.04895833333333333
1 0.31296296296296294 0.425 0.12407407407407407 0.03177083333333333
1 0.9407407407407408 0.46197916666666666 0.11666666666666667 0.040625
1 0.022222222222222223 0.8661458333333333 0.040740740740740744 0.046875
1 0.5601851851851852 0.3494791666666667 0.1259259259259259 0.04739583333333333
1 0.4898148148148148 0.4109375 0.10925925925925926 0.06979166666666667
1 0.950925925925926 0.35625 0.09814814814814815 0.0609375
