1 0.3307291666666667 0.05787037037037037 0.06380208333333333 0.11574074074074074
1 0.24153645833333334 0.4652777777777778 0.091796875 0.08217592592592593
1 0.6380208333333334 0.7824074074074074 0.051432291666666664 0.1099537037037037
1 0.1796875 0.71875 0.0703125 0.13541666666666666
1 0.357421875 0.48842592592592593 0.064453125 0.11342592592592593
1 0.3671875 0.8414351851851852 0.07356770833333333 0.09143518518518519
1 0.6048177083333334 0.37037037037037035 0.052734375 0.1111111111111111
1 0.22265625 0.18518518518518517 0.091796875 0.09837962962962964
1 0.16861979166666666 0.9259259259259259 0.044921875 0.14814814814814814
1 0.455078125 0.2638888888888889 0.061197916666666664 0.15625
1 0.53125 0.8599537037037037 0.039713541666666664 0.1550925925925926
1 0.5774739583333334 0.07523148148148148 0.05078125 0.14583333333333334
1 0.4368489583333333 0.5509259259259259 0.059244791666666664 0.1574074074074074
1 0.513671875 0.6388888888888888 0.08723958333333333 0.13657407407407407
1 0.4453125 0.061342592592592594 0.076171875 0.12384259259259259
