1 0.7510416666666667 0.6842592592592592 0.040625 0.07685185185185185
1 0.3484375 0.2324074074074074 0.053125 0.06296296296296296
1 0.96875 0.3972222222222222 0.040625 0.11481481481481481
1 0.8895833333333333 0.27870370370370373 0.04791666666666667 0.10092592592592593
1 0.7776041666666667 0.16666666666666666 0.0375 0.07592592592592592
1 0.5848958333333333 0.4046296296296296 0.058854166666666666 0.05462962962962963
1 0.8739583333333333 0.5259259259259259 0.026041666666666668 0.09259259259259259
1 0.9458333333333333 0.7333333333333333 0.05 0.03981481481481482
1 0.9786458333333333 0.22037037037037038 0.03177083333333333 0.08981481481481482
1 0.8015625 0.27870370370370373 0.05 0.05
1 0.8286458333333333 0.6851851851851852 0.06302083333333333 0.05
1 0.6229166666666667 0.21944444444444444 0.040625 0.09074074074074075
1 0.5072916666666667 0.25833333333333336 0.06145833333333333 0.06111111111111111
1 0.9161458333333333 0.5805555555555556 0.059895833333333336 0.046296296296296294
1 0.41302083333333334 0.18981481481481483 0.06510416666666667 0.09351851851851851
1 0.5010416666666667 0.5555555555555556 0.05520833333333333 0.053703703703703705
1 0.690625 0.412962962962963 0.0640625 0.05
1 0.2630208333333333 0.6314814814814815 0.0875 0.1111111111111111
1 0.321875 0.4861111111111111 0.075 0.13333333333333333
1 0.16822916666666668 0.5351851851851852 0.05677083333333333 0.09907407407407408
1 0.15364583333333334 0.6898148148148148 0.06927083333333334 0.049074074074074076
1 0.7942708333333334 0.4740740740740741 0.03125 0.08981481481481482
1 0.6567708333333333 0.6370370370370371 0.030729166666666665 0.0962962962962963
1 0.17864583333333334 0.3037037037037037 0.07447916666666667 0.08981481481481482
1 0.4 0.5518518518518518 0.03958333333333333 0.041666666666666664
1 0.49375 0.42685185185185187 0.05260416666666667 0.05555555555555555
1 0.6651041666666667 0.49537037037037035 0.0453125 0.07222222222222222
1 0.36302083333333335 0.3824074074074074 0.0953125 0.09444444444444444
1 0.5515625 0.6694444444444444 0.03958333333333333 0.10740740740740741
1 0.3880208333333333 0.6601851851851852 0.049479166666666664 0.11203703703703703
