1 0.31574074074074077 0.7510416666666667 0.07777777777777778 0.04114583333333333
1 0.7675925925925926 0.3484375 0.06388888888888888 0.05364583333333333
1 0.6027777777777777 0.96875 0.11574074074074074 0.04114583333333333
1 0.7212962962962963 0.8895833333333333 0.10185185185185185 0.0484375
1 0.8333333333333334 0.7776041666666667 0.07685185185185185 0.03802083333333333
1 0.5953703703703703 0.5854166666666667 0.05555555555555555 0.059375
1 0.4740740740740741 0.8739583333333333 0.09351851851851851 0.0265625
1 0.26666666666666666 0.9458333333333333 0.040740740740740744 0.050520833333333334
1 0.7796296296296297 0.9791666666666666 0.09074074074074075 0.03229166666666667
1 0.7212962962962963 0.8015625 0.05092592592592592 0.050520833333333334
1 0.3148148148148148 0.8291666666666667 0.05092592592592592 0.06354166666666666
1 0.7805555555555556 0.6229166666666667 0.09166666666666666 0.04114583333333333
1 0.7416666666666667 0.5072916666666667 0.062037037037037036 0.06197916666666667
1 0.41944444444444445 0.9166666666666666 0.04722222222222222 0.06041666666666667
1 0.8101851851851852 0.41354166666666664 0.09444444444444444 0.065625
1 0.4444444444444444 0.5010416666666667 0.05462962962962963 0.05572916666666667
1 0.587037037037037 0.6911458333333333 0.05092592592592592 0.06458333333333334
1 0.3685185185185185 0.2630208333333333 0.11203703703703703 0.08802083333333334
1 0.5138888888888888 0.321875 0.13425925925925927 0.07552083333333333
1 0.4648148148148148 0.16875 0.1 0.057291666666666664
1 0.3101851851851852 0.15416666666666667 0.05 0.06979166666666667
1 0.5259259259259259 0.7942708333333334 0.09074074074074075 0.03177083333333333
1 0.362962962962963 0.6572916666666667 0.09722222222222222 0.03125
1 0.6962962962962963 0.17916666666666667 0.09074074074074075 0.075
1 0.44814814814814813 0.4 0.04259259259259259 0.04010416666666667
1 0.5731481481481482 0.4942708333333333 0.05648148148148148 0.053125
1 0.5046296296296297 0.665625 0.07314814814814814 0.04583333333333333
1 0.6175925925925926 0.36354166666666665 0.09537037037037037 0.09583333333333334
1 0.33055555555555555 0.5515625 0.10833333333333334 0.04010416666666667
1 0.3398148148148148 0.3885416666666667 0.11296296296296296 0.05
