1 0.9388020833333334 0.8564814814814815 0.051432291666666664 0.09722222222222222
1 0.435546875 0.29050925925925924 0.06705729166666667 0.0798611111111111
1 0.9720052083333334 0.20833333333333334 0.047526041666666664 0.09606481481481481
1 0.7317708333333334 0.5069444444444444 0.07421875 0.06944444444444445
1 0.9850260416666666 0.34837962962962965 0.029296875 0.06365740740740741
1 0.998046875 0.8564814814814815 0.0032552083333333335 0.06365740740740741
1 0.7786458333333334 0.2743055555555556 0.051432291666666664 0.11458333333333333
1 0.6341145833333334 0.3229166666666667 0.07747395833333333 0.0775462962962963
1 0.5169270833333334 0.23842592592592593 0.08203125 0.11805555555555555
1 0.6263020833333334 0.6944444444444444 0.06966145833333333 0.06828703703703703
1 0.8639322916666666 0.5162037037037037 0.08072916666666667 0.06365740740740741
1 0.3287760416666667 0.7893518518518519 0.11002604166666667 0.1400462962962963
1 0.40234375 0.6076388888888888 0.09440104166666667 0.16782407407407407
1 0.2109375 0.6701388888888888 0.07161458333333333 0.125
1 0.19270833333333334 0.8634259259259259 0.08723958333333333 0.0625
1 0.986328125 0.59375 0.026692708333333332 0.11342592592592593
1 0.8216145833333334 0.7962962962962963 0.0390625 0.12152777777777778
1 0.22395833333333334 0.38078703703703703 0.09375 0.11342592592592593
1 0.5 0.6909722222222222 0.050130208333333336 0.05324074074074074
1 0.6178385416666666 0.5335648148148148 0.06640625 0.07060185185185185
1 0.83203125 0.6192129629629629 0.057291666666666664 0.09143518518518519
1 0.4544270833333333 0.47800925925925924 0.11979166666666667 0.11921296296296297
1 0.689453125 0.8368055555555556 0.050130208333333336 0.13541666666666666
1 0.4856770833333333 0.8263888888888888 0.0625 0.1412037037037037
