0 0.42291666666666666 0.39351851851851855 0.09114583333333333 0.19444444444444445
0 0.5526041666666667 0.8046296296296296 0.09322916666666667 0.15555555555555556
0 0.5973958333333333 0.22314814814814815 0.11666666666666667 0.15092592592592594
0 0.04895833333333333 0.4962962962962963 0.0765625 0.16574074074074074
0 0.4734375 0.075 0.07447916666666667 0.14444444444444443
0 0.2125 0.5444444444444444 0.09010416666666667 0.14166666666666666
0 0.1984375 0.20277777777777778 0.09895833333333333 0.1787037037037037
0 0.3776041666666667 0.0787037037037037 0.06822916666666666 0.14074074074074075
0 0.540625 0.487962962962963 0.08958333333333333 0.1388888888888889
0 0.21458333333333332 0.8629629629629629 0.10364583333333334 0.14074074074074075
0 0.3890625 0.8481481481481481 0.08854166666666667 0.1287037037037037
