0 0.529296875 0.49189814814814814 0.11458333333333333 0.24421296296296297
0 0.69140625 0.9537037037037037 0.1171875 0.09143518518518519
0 0.7467447916666666 0.2800925925925926 0.146484375 0.18981481481481483
0 0.061848958333333336 0.6215277777777778 0.09635416666666667 0.20833333333333334
0 0.5924479166666666 0.09375 0.09375 0.18171296296296297
0 0.2662760416666667 0.6817129629629629 0.11328125 0.17824074074074073
0 0.248046875 0.25462962962962965 0.12434895833333333 0.22453703703703703
0 0.47265625 0.09837962962962964 0.0859375 0.17708333333333334
0 0.67578125 0.6099537037037037 0.11263020833333333 0.17476851851851852
0 0.2688802083333333 0.9953703703703703 0.13020833333333334 0.009259259259259259
0 0.486328125 0.9895833333333334 0.111328125 0.019675925925925927
