0 0.6064814814814815 0.4234375 0.19537037037037036 0.09166666666666666
0 0.19537037037037036 0.553125 0.15648148148148147 0.09375
0 0.7768518518518519 0.5973958333333333 0.15185185185185185 0.1171875
0 0.5037037037037037 0.049479166666666664 0.16666666666666666 0.07708333333333334
0 0.925 0.4739583333333333 0.14537037037037037 0.075
0 0.45555555555555555 0.21302083333333333 0.1425925925925926 0.090625
0 0.7972222222222223 0.1984375 0.17962962962962964 0.09947916666666666
0 0.9212962962962963 0.378125 0.14166666666666666 0.06875
0 0.5120370370370371 0.540625 0.1398148148148148 0.09010416666666667
0 0.13703703703703704 0.21510416666666668 0.14166666666666666 0.10416666666666667
0 0.15185185185185185 0.3890625 0.12962962962962962 0.0890625
