0 0.045572916666666664 0.4537037037037037 0.06966145833333333 0.11342592592592593
1 0.9720052083333334 0.5231481481481481 0.027994791666666668 0.1284722222222222
1 0.6881510416666666 0.43171296296296297 0.030598958333333332 0.1388888888888889
1 0.7311197916666666 0.07291666666666667 0.059244791666666664 0.0775462962962963
1 0.9420572916666666 0.0787037037037037 0.056640625 0.1111111111111111
1 0.9733072916666666 0.2523148148148148 0.052734375 0.0775462962962963
1 0.115234375 0.37962962962962965 0.031901041666666664 0.1400462962962963
1 0.6009114583333334 0.12384259259259259 0.026692708333333332 0.12268518518518519
1 0.83984375 0.4583333333333333 0.040364583333333336 0.14467592592592593
0 0.62890625 0.5914351851851852 0.055338541666666664 0.07060185185185185
1 0.60546875 0.3599537037037037 0.08854166666666667 0.08101851851851852
