0 0.637962962962963 0.036458333333333336 0.09074074074074075 0.05572916666666667
1 0.5814814814814815 0.7776041666666667 0.10277777777777777 0.022395833333333334
1 0.6555555555555556 0.5505208333333333 0.1111111111111111 0.024479166666666666
1 0.9416666666666667 0.5848958333333333 0.062037037037037036 0.04739583333333333
1 0.937962962962963 0.7536458333333333 0.08888888888888889 0.0453125
1 0.7981481481481482 0.7895833333333333 0.062037037037037036 0.06354166666666666
1 0.6962962962962963 0.0921875 0.11203703703703703 0.025520833333333333
1 0.9018518518518519 0.48072916666666665 0.09814814814814815 0.021354166666666667
1 0.6333333333333333 0.671875 0.11574074074074074 0.03229166666666667
0 0.5268518518518519 0.503125 0.05648148148148148 0.044270833333333336
1 0.7129629629629629 0.484375 0.06481481481481481 0.07083333333333333
