0 0.036458333333333336 0.36203703703703705 0.05520833333333333 0.08981481481481482
1 0.7776041666666667 0.4185185185185185 0.021875 0.10185185185185185
1 0.5505208333333333 0.34444444444444444 0.023958333333333335 0.11018518518518519
1 0.5848958333333333 0.058333333333333334 0.046875 0.06111111111111111
1 0.7536458333333333 0.062037037037037036 0.04479166666666667 0.08796296296296297
1 0.7890625 0.20185185185185187 0.06302083333333333 0.06111111111111111
1 0.0921875 0.3037037037037037 0.025 0.1111111111111111
1 0.48072916666666665 0.09814814814814815 0.020833333333333332 0.09722222222222222
1 0.6713541666666667 0.36666666666666664 0.03177083333333333 0.11481481481481481
0 0.503125 0.47314814814814815 0.04375 0.05555555555555555
1 0.48385416666666664 0.28703703703703703 0.0703125 0.06388888888888888
