0 0.4161458333333333 0.1675925925925926 0.058854166666666666 0.09074074074074075
0 0.3067708333333333 0.4925925925925926 0.06770833333333333 0.12314814814814815
0 0.08177083333333333 0.6138888888888889 0.052083333333333336 0.08888888888888889
0 0.2677083333333333 0.21296296296296297 0.05 0.09907407407407408
1 0.6083333333333333 0.3527777777777778 0.0546875 0.06851851851851852
1 0.5307291666666667 0.22777777777777777 0.03697916666666667 0.1111111111111111
0 0.4666666666666667 0.32592592592592595 0.049479166666666664 0.1037037037037037
1 0.1546875 0.2064814814814815 0.05364583333333333 0.05648148148148148
0 0.3234375 0.14537037037037037 0.065625 0.14537037037037037
0 0.6734375 0.37962962962962965 0.059895833333333336 0.14629629629629629
1 0.225 0.4166666666666667 0.025 0.12037037037037036
0 0.6901041666666666 0.12777777777777777 0.07083333333333333 0.12129629629629629
0 0.6083333333333333 0.6074074074074074 0.0578125 0.0824074074074074
1 0.030208333333333334 0.1537037037037037 0.0265625 0.09166666666666666
1 0.22708333333333333 0.6435185185185185 0.058854166666666666 0.03796296296296296
0 0.4401041666666667 0.7490740740740741 0.05364583333333333 0.10925925925925926
