0 0.5208333333333334 0.20949074074074073 0.07421875 0.11458333333333333
0 0.3834635416666667 0.6168981481481481 0.08528645833333333 0.1550925925925926
0 0.10221354166666667 0.7673611111111112 0.06575520833333333 0.11226851851851852
0 0.3346354166666667 0.2673611111111111 0.06315104166666667 0.125
1 0.7610677083333334 0.4409722222222222 0.06901041666666667 0.08680555555555555
1 0.6640625 0.2847222222222222 0.046875 0.1400462962962963
0 0.583984375 0.4074074074074074 0.0625 0.13078703703703703
1 0.19401041666666666 0.25925925925925924 0.06770833333333333 0.07175925925925926
0 0.404296875 0.18287037037037038 0.08268229166666667 0.18287037037037038
0 0.8424479166666666 0.47453703703703703 0.07552083333333333 0.1840277777777778
1 0.28125 0.5208333333333334 0.031901041666666664 0.15162037037037038
0 0.8626302083333334 0.16087962962962962 0.08919270833333333 0.1527777777777778
0 0.7610677083333334 0.7604166666666666 0.07291666666666667 0.10416666666666667
1 0.038411458333333336 0.19328703703703703 0.033854166666666664 0.11574074074074074
1 0.2845052083333333 0.8055555555555556 0.07421875 0.04861111111111111
0 0.55078125 0.9340277777777778 0.06770833333333333 0.13194444444444445
