0 0.8324074074074074 0.4166666666666667 0.09166666666666666 0.059375
0 0.5074074074074074 0.3067708333333333 0.12407407407407407 0.06822916666666666
0 0.3861111111111111 0.08177083333333333 0.08981481481481482 0.05260416666666667
0 0.7870370370370371 0.2677083333333333 0.1 0.050520833333333334
1 0.6472222222222223 0.6088541666666667 0.06944444444444445 0.05520833333333333
1 0.7722222222222223 0.53125 0.11203703703703703 0.0375
0 0.674074074074074 0.4671875 0.10462962962962963 0.05
1 0.7935185185185185 0.15520833333333334 0.05740740740740741 0.05416666666666667
0 0.8546296296296296 0.3234375 0.14629629629629629 0.06614583333333333
0 0.6203703703703703 0.6739583333333333 0.14722222222222223 0.06041666666666667
1 0.5833333333333334 0.225 0.12129629629629629 0.025520833333333333
0 0.8722222222222222 0.6901041666666666 0.12222222222222222 0.07135416666666666
0 0.3925925925925926 0.6088541666666667 0.08333333333333333 0.058333333333333334
1 0.8462962962962963 0.030729166666666665 0.09259259259259259 0.027083333333333334
1 0.35648148148148145 0.22760416666666666 0.03888888888888889 0.059375
0 0.25092592592592594 0.440625 0.11018518518518519 0.05416666666666667
