1 0.7625 0.38981481481481484 0.06354166666666666 0.06759259259259259
1 0.3536458333333333 0.49166666666666664 0.034375 0.08148148148148149
1 0.5197916666666667 0.475 0.0421875 0.03148148148148148
1 0.209375 0.7129629629629629 0.04479166666666667 0.10277777777777777
1 0.35260416666666666 0.2111111111111111 0.044270833333333336 0.14537037037037037
0 0.12083333333333333 0.16203703703703703 0.050520833333333334 0.08055555555555556
1 0.7848958333333333 0.23333333333333334 0.06822916666666666 0.03981481481481482
1 0.22395833333333334 0.5370370370370371 0.041666666666666664 0.06018518518518518
1 0.5989583333333334 0.22314814814814815 0.042708333333333334 0.07407407407407407
1 0.5552083333333333 0.7166666666666667 0.052083333333333336 0.04537037037037037
1 0.42604166666666665 0.25092592592592594 0.07291666666666667 0.05555555555555555
1 0.609375 0.5 0.021875 0.10740740740740741
1 0.32916666666666666 0.7138888888888889 0.019270833333333334 0.09722222222222222
1 0.22291666666666668 0.37407407407407406 0.06354166666666666 0.05185185185185185
1 0.7322916666666667 0.7268518518518519 0.016666666666666666 0.11851851851851852
1 0.6348958333333333 0.662962962962963 0.06354166666666666 0.032407407407407406
1 0.7567708333333333 0.5879629629629629 0.075 0.041666666666666664
0 0.07708333333333334 0.6481481481481481 0.06822916666666666 0.13055555555555556
1 0.48072916666666665 0.7481481481481481 0.016145833333333335 0.06574074074074074
0 0.024479166666666666 0.6888888888888889 0.0484375 0.17592592592592593
1 0.4036458333333333 0.7555555555555555 0.05520833333333333 0.1111111111111111
