1 0.953125 0.48842592592592593 0.080078125 0.08564814814814815
1 0.4420572916666667 0.6145833333333334 0.043619791666666664 0.10300925925925926
1 0.650390625 0.59375 0.053385416666666664 0.04050925925925926
1 0.26171875 0.8923611111111112 0.056640625 0.12962962962962962
1 0.44140625 0.2650462962962963 0.055989583333333336 0.18287037037037038
0 0.15169270833333334 0.2037037037037037 0.06380208333333333 0.10185185185185185
1 0.9694010416666666 0.29282407407407407 0.061197916666666664 0.05092592592592592
1 0.2799479166666667 0.6724537037037037 0.052734375 0.0763888888888889
1 0.7486979166666666 0.2789351851851852 0.054036458333333336 0.09375
1 0.6940104166666666 0.8969907407407407 0.06575520833333333 0.05787037037037037
1 0.5325520833333334 0.3136574074074074 0.091796875 0.07060185185185185
1 0.76171875 0.625 0.027994791666666668 0.13541666666666666
1 0.412109375 0.8935185185185185 0.024739583333333332 0.12268518518518519
1 0.2786458333333333 0.4675925925925926 0.080078125 0.06597222222222222
1 0.9153645833333334 0.9085648148148148 0.021484375 0.14930555555555555
1 0.7936197916666666 0.8298611111111112 0.080078125 0.041666666666666664
1 0.9459635416666666 0.7361111111111112 0.09440104166666667 0.05324074074074074
0 0.09700520833333333 0.8113425925925926 0.0859375 0.16435185185185186
1 0.6015625 0.9363425925925926 0.020833333333333332 0.08333333333333333
0 0.03125 0.8611111111111112 0.061197916666666664 0.22106481481481483
1 0.5045572916666666 0.9375 0.06966145833333333 0.125
