1 0.6101851851851852 0.7625 0.06851851851851852 0.0640625
1 0.5083333333333333 0.3536458333333333 0.0824074074074074 0.034895833333333334
1 0.525 0.5203125 0.032407407407407406 0.042708333333333334
1 0.28703703703703703 0.209375 0.1037037037037037 0.0453125
1 0.7888888888888889 0.353125 0.14629629629629629 0.04479166666666667
0 0.8379629629629629 0.12135416666666667 0.08148148148148149 0.051041666666666666
1 0.7666666666666667 0.7854166666666667 0.040740740740740744 0.06875
1 0.46296296296296297 0.22395833333333334 0.06111111111111111 0.0421875
1 0.7768518518518519 0.5989583333333334 0.075 0.043229166666666666
1 0.2833333333333333 0.5552083333333333 0.046296296296296294 0.05260416666666667
1 0.7490740740740741 0.42604166666666665 0.05648148148148148 0.0734375
1 0.5 0.609375 0.10833333333333334 0.022395833333333334
1 0.2861111111111111 0.3296875 0.09814814814814815 0.019791666666666666
1 0.6259259259259259 0.22291666666666668 0.05277777777777778 0.0640625
1 0.27314814814814814 0.7322916666666667 0.11944444444444445 0.0171875
1 0.337037037037037 0.6348958333333333 0.03333333333333333 0.0640625
1 0.41203703703703703 0.7567708333333333 0.04259259259259259 0.07552083333333333
0 0.35185185185185186 0.07760416666666667 0.13148148148148148 0.06875
1 0.2518518518518518 0.48125 0.06666666666666667 0.016666666666666666
0 0.3111111111111111 0.025 0.17685185185185184 0.04895833333333333
1 0.24444444444444444 0.4036458333333333 0.11203703703703703 0.05572916666666667
